# 合并场景13：合并已有历史的连续 3 张卡片

## 出现了什么意外

- D1、D2 全部完成。
- D3 前，把已经产生历史实绩的当前 1-3 合并为一张父卡。

## 合并语义

- 子卡完成时序号：1-3
- 保留父卡当前序号：1
- 父卡有效页数：0.486631 页，等于 3 张子卡有效页数之和。
- 子卡身份保留在历史账本中，但生命周期变为 deleted，并指向保留父卡。
- 每个复习列只保留一个父卡 occurrence；已完成子卡历史不回写，未完成子卡 occurrence 全部取消。

## 验收结果

- 结论：通过
- 硬约束失败：0
- 无理由低负载单元格：0
- 无理由日总量偏差：0
- 锁定历史保持不变：是
- 父卡 occurrence：5/5
- 仍在未来计划中的子卡 occurrence：0
- 父卡超过7.04页时独占任务包：否
- 相同输入重放一致：是
- 最终计划日：D20

## 最终计划表

历史子卡直接标注“原序号…已合并至当前卡…”，未来计划只显示保留父卡的当前序号。

| 学习日 | 日期 | 新学 | 1日复习 | 3日复习 | 7日复习 | 15日复习 | 当日总页数 |
| --- | --- | --- | --- | --- | --- | --- | --- |
| D1（D1 全部完成） | 2026-07-10 | 实绩：1-34；其余当前序号2-32；原序号1-3已合并至当前卡1（34张/6.202页） | 实绩：560-597；其余当前序号558-595（38张/6.402页） | 实绩：490-516；其余当前序号488-514（27张/6.050页） | 实绩：394-413；其余当前序号392-411（20张/6.305页） | 实绩：166-207；其余当前序号164-205（42张/6.426页） | 31.385 |
| D2（D2 全部完成） | 2026-07-11 | 实绩：35-45；其余当前序号33-43（11张/6.554页） | 实绩：1-34；其余当前序号2-32；原序号1-3已合并至当前卡1（34张/6.202页） | 实绩：517-559；其余当前序号515-557（43张/6.300页） | 实绩：414-440；其余当前序号412-438（27张/6.285页） | 实绩：208-262；其余当前序号206-260（55张/6.523页） | 31.864 |
| D3（异常：原卡1-3合并，历史保留） | 2026-07-12 | 计划：44, 59, 111, 133, 146-147, 156, 167, 178, 210, 214, 216, 221, 267, 273-274, 276, 309, 350, 356, 360, 384, 403, 450, 462, 502, 504, 508, 513, 525, 540, 551, 569, 575, 588（35张/9.147页） | 计划：48, 51, 54, 62, 85, 110, 131, 140, 145, 179, 191, 305, 337, 371, 376, 458, 476, 483, 520, 531（20张/4.388页；低于0.9T：单格均衡为优化项；当前分配优先满足整日容量与同卡不重复） | 计划：3, 11, 23, 50, 72, 76, 79, 89, 98, 107, 121, 142, 162, 172, 181, 196, 206, 235, 243, 248, 252, 265, 277, 281, 359, 383, 391, 422, 428-429, 432, 441, 454, 558, 583, 585（36张/8.428页） | 计划：49, 63, 66, 75, 86, 93, 115-117, 119, 141, 177, 255, 260, 336, 342, 446-447, 463, 472, 480, 515, 542, 547, 550, 565（26张/4.467页；低于0.9T：单格均衡为优化项；当前分配优先满足整日容量与同卡不重复） | 计划：70, 74, 80, 135, 295-299, 312, 330, 333, 346, 351, 363, 373, 394, 408, 417, 459, 466, 491, 495, 501, 518-519, 523, 526-527（29张/5.572页；低于0.9T：单格均衡为优化项；当前分配优先满足整日容量与同卡不重复） | 32.002 |
| D4 | 2026-07-13 | 计划：52, 83-84, 93, 109, 125, 142, 153, 158, 173-174, 184, 192, 211-212, 225, 253, 266, 270, 287, 301, 305, 342, 345, 348, 362, 423, 448, 479, 498, 512, 546, 561（33张/6.450页） | 计划：39, 55, 59, 63, 97, 101, 120, 122, 127, 129, 159, 164, 182, 205, 208-209, 220, 233, 236, 254, 257, 260, 269, 279, 290, 314, 316, 329, 357, 364, 379, 411, 459, 482, 523, 550（36张/8.714页） | 计划：16, 20, 36, 38, 42, 73, 124, 160, 168, 189, 223, 286, 341, 353, 372, 387-389, 412, 416, 563, 565, 569, 571, 576, 586, 592（27张/6.210页） | 计划：81, 91, 108, 132, 140, 154, 306, 311, 352, 355, 439, 443-444, 452, 456, 461, 468, 476-477, 496, 533, 535, 553-554, 556, 560, 564, 570, 572（29张/5.419页；低于0.9T：单格均衡为优化项；当前分配优先满足整日容量与同卡不重复） | 计划：15, 275, 280, 284, 288, 304, 310, 321, 338, 365, 370, 391, 400, 464, 473, 484, 507, 511, 528, 544, 551（21张/5.208页；低于0.9T：单格均衡为优化项；当前分配优先满足整日容量与同卡不重复） | 32.001 |
| D5 | 2026-07-14 | 计划：46, 48, 58, 72, 90, 105, 110, 121, 148, 150, 187, 196, 247, 265, 275, 393, 399, 444, 528, 550, 587（21张/4.102页；低于0.9T：单格均衡为优化项；当前分配优先满足整日容量与同卡不重复） | 计划：35, 66, 79, 83, 86, 89, 102, 109, 125, 128, 139, 153, 157, 173-174, 184, 186, 212, 225, 252-253, 273, 277, 342, 367, 422, 431, 433, 452, 464-465, 479, 484, 492, 507, 512-513, 517, 535, 540, 551, 553, 556（43张/9.129页） | 计划：1, 4, 49, 54, 101, 117, 129, 155, 182, 260, 287, 328, 357, 390, 434, 436-437, 459, 482（19张/5.683页；低于0.9T：单格均衡为优化项；当前分配优先满足整日容量与同卡不重复） | 计划：16, 18, 29, 31, 33, 39, 80, 82, 160, 179, 202, 205, 209, 236, 239, 257, 269, 281, 335, 341, 343, 380, 385, 389, 458, 487, 504, 514, 519, 527, 531, 545, 559, 569, 571, 586, 592（37张/9.274页） | 计划：67, 99, 106, 120, 140, 144, 266, 285, 336, 356, 359, 398, 415, 435, 477, 483, 496, 502, 508-509, 537, 554, 570, 572, 582, 588（26张/3.812页；低于0.9T：单格均衡为优化项；当前分配优先满足整日容量与同卡不重复） | 32.001 |
| D6 | 2026-07-15 | 计划：51, 54, 66, 131-132, 138, 141, 145, 152, 162, 172, 177, 181, 193, 201, 250, 280-281, 288, 298, 312, 320, 324, 336, 338, 351, 391, 401, 408, 415, 419, 442, 456, 459, 464, 477, 500, 520, 537, 553, 556（41张/8.922页） | 计划：74, 84, 98, 103, 107, 115-116, 124, 133, 144, 150, 204, 211, 219, 235, 248, 256, 275, 278, 296, 304, 350, 403, 462, 473, 485, 487, 489, 498, 508, 511, 554（32张/5.031页；低于0.9T：单格均衡为优化项；当前分配优先满足整日容量与同卡不重复） | 计划：24, 27, 33, 39, 44, 52, 63, 83, 102, 135, 143, 157, 159, 166, 183, 187, 191, 197, 212, 261, 264, 270, 316, 321, 345, 433, 479, 484, 582, 591（30张/8.506页） | 计划：1, 22, 36, 72, 76, 89, 139, 252, 254, 277, 297, 328, 490, 495, 501, 513, 518, 525-526, 546, 555, 576, 579（23张/4.578页；低于0.9T：单格均衡为优化项；当前分配优先满足整日容量与同卡不重复） | 计划：49, 117, 273-274, 322, 331, 335, 339, 353, 366, 383, 430, 432, 447, 452, 454, 458, 529, 560, 575（20张/4.965页；低于0.9T：单格均衡为优化项；当前分配优先满足整日容量与同卡不重复） | 32.003 |
| D7 | 2026-07-16 | 计划：79, 87, 89, 102, 129, 139, 157, 171, 182, 189, 204-205, 218, 252, 269, 304, 321, 365, 389, 400, 420, 433, 465, 492, 494, 507, 534, 548-549（29张/5.534页；低于0.9T：单格均衡为优化项；当前分配优先满足整日容量与同卡不重复） | 计划：36, 38, 40, 42, 73, 126, 143, 155, 160, 200, 266, 287, 291, 300-301, 344, 349, 359, 381, 387, 408, 416, 426, 455, 493, 497, 505, 541（28张/7.260页） | 计划：18, 46, 55, 59, 62, 80, 86, 91, 154, 164, 179, 186, 230, 233, 273, 306, 311, 340, 346, 367, 374-375, 377, 418, 421, 447, 564, 568（28张/8.280页） | 计划：2, 15, 60, 99, 106, 120, 128, 144, 168, 207, 271-272, 285, 292, 308, 318, 332, 351, 484, 499, 502, 508-509, 520, 528-529, 537, 551, 575, 583, 588（31张/5.832页） | 计划：53, 56, 65, 69, 96-97, 100, 121, 142, 151, 267, 276, 309, 342, 376, 380, 384, 390, 436, 448, 453, 479, 488, 498, 500, 517, 535, 540, 581, 587（30张/5.095页；低于0.9T：单格均衡为优化项；当前分配优先满足整日容量与同卡不重复） | 32.001 |
| D8 | 2026-07-17 | 计划：50, 62, 65, 85, 98, 107, 136, 179, 185, 191, 206, 222, 243, 258, 260, 383, 428-429, 432, 454, 458, 483, 571-572（24张/4.341页；低于0.9T：单格均衡为优化项；当前分配优先满足整日容量与同卡不重复） | 计划：33, 44, 52, 58, 72, 121, 138, 141, 148, 152, 162, 172, 177, 181, 192, 196, 250, 255, 281, 386, 398, 401, 419-420, 444, 478, 488, 529（28张/6.240页） | 计划：10, 66, 74-75, 93, 103, 115-116, 118-119, 122, 127, 139, 153, 204, 219, 256, 275, 290, 301, 304, 314, 336, 338, 342, 348, 362, 379, 411, 426, 430, 457, 465, 485（34张/5.854页） | 计划：6, 24, 70, 83, 87, 109, 124, 135, 155, 157, 173, 198, 232, 261, 353, 357, 377, 391, 450, 466, 489, 491, 503, 512, 523, 563, 566, 584, 591（29张/7.567页） | 计划：21, 43, 91, 292, 313, 315, 325, 355, 360, 364, 371, 389, 402, 406, 410, 431, 439, 443, 461, 476, 504, 513, 525, 533, 555, 568-569, 576, 579, 583, 586（31张/8.001页） | 32.003 |
| D9 | 2026-07-18 | 计划：55, 103, 115-116, 315, 322, 331, 335, 339, 371, 398, 402, 406, 410, 431, 435, 443, 447, 476, 523, 529, 535, 544, 560, 568, 576, 579, 583, 586（29张/5.133页；低于0.9T：单格均衡为优化项；当前分配优先满足整日容量与同卡不重复） | 计划：46, 93, 118-119, 193, 222, 243, 258, 265, 267, 276, 280, 284, 298, 309, 324, 336, 351, 365, 370, 383-384, 389, 428-429, 432, 442, 454, 456, 496, 500, 525, 555（33张/6.999页） | 计划：128, 141, 144, 148, 177, 192, 208, 211, 250, 255, 266, 279, 296, 300, 364, 419-420, 423, 444, 448, 452, 473, 478, 566, 584（25张/4.682页；低于0.9T：单格均衡为优化项；当前分配优先满足整日容量与同卡不重复） | 计划：11, 27, 38, 42, 52, 59, 62, 74, 127, 143, 153, 159, 166, 174, 186, 191, 204, 219, 225, 256, 264, 273, 275, 290, 301, 304, 316, 325, 329, 338, 345, 359, 367, 379（34张/9.551页） | 计划：6, 20, 22, 24, 29, 31, 60, 72, 76, 78, 83, 86, 101, 109, 132, 139, 155, 157, 385, 463, 490, 515, 520, 545, 591（25张/5.638页；低于0.9T：单格均衡为优化项；当前分配优先满足整日容量与同卡不重复） | 32.003 |
| D10 | 2026-07-19 | 计划：63, 78, 119-120, 126, 159, 200, 227, 249, 277, 284-285, 310, 316, 370, 390, 436, 445, 473, 478, 484, 488, 496, 511, 517, 539, 541, 570, 581-582（30张/5.194页；低于0.9T：单格均衡为优化项；当前分配优先满足整日容量与同卡不重复） | 计划：117, 142, 215, 218, 244, 247, 270, 282, 288, 297, 306, 321, 328, 338, 345, 348, 362, 391, 423, 448, 494, 509, 528, 537, 544（25张/4.912页；低于0.9T：单格均衡为优化项；当前分配优先满足整日容量与同卡不重复） | 计划：15, 97, 109, 125, 173-174, 198, 205, 209, 220, 225, 236, 238, 254, 257, 269, 329, 349, 365, 381, 404, 408, 455, 464, 474, 575（26张/5.390页；低于0.9T：单格均衡为优化项；当前分配优先满足整日容量与同卡不重复） | 计划：20, 54, 73, 94, 101, 164, 189, 196, 210, 212, 222-223, 230, 233, 266, 276, 286-287, 300, 307, 309, 313, 315, 324, 340, 346, 372, 375, 384, 387-388（31张/6.813页） | 计划：2, 33, 38-39, 42, 57, 59, 71, 81-82, 84, 102, 108, 129, 136, 138, 154, 160, 272, 419-420, 428-429, 444, 456-457, 499, 512, 530-531, 553, 556, 564, 571（34张/9.695页） | 32.003 |
| D11 | 2026-07-20 | 计划：45, 74, 140, 143, 155, 160, 164, 215, 233, 236, 244, 282, 291, 297, 349, 366, 387, 414, 416, 426, 455, 482, 487, 493, 497, 505, 509, 580, 585, 590（30张/5.489页；低于0.9T：单格均衡为优化项；当前分配优先满足整日容量与同卡不重复） | 计划：49, 75, 80, 154, 168, 189, 223, 238, 294, 310, 353, 363, 374-375, 377, 388, 404, 421, 430, 437, 474, 499, 534, 548-549（25张/6.110页） | 计划：2, 22, 70, 78, 94, 99, 106, 108, 120, 131, 207, 222, 259, 271, 276, 285, 307, 309, 313, 318, 332, 380, 384, 397, 405, 449-450, 562, 588（29张/5.866页） | 计划：46, 56-57, 69, 71, 96-97, 100, 102, 126, 129, 151, 175, 178, 213, 224, 227, 247, 299, 303, 317, 347, 350, 365, 390, 448, 453, 457, 460, 473, 481, 488, 498, 500, 511, 517, 530, 540, 581, 587（40张/8.587页） | 计划：1, 7, 26, 50-51, 104, 137, 269-270, 277, 326-327, 348, 362, 399, 403, 445, 462, 465, 492, 514, 541, 595（23张/7.898页） | 33.949 |
| D12 | 2026-07-21 | 计划：67, 95, 97, 112, 114, 118, 123, 149, 161, 163, 170, 183, 197-199, 203, 208, 220, 226, 241, 248, 257, 268, 279, 306, 319, 323, 340, 355, 364, 380, 409, 425, 453, 594（35张/5.808页） | 计划：53, 61, 68, 87, 92, 165, 185, 249, 251, 263-264, 274, 293, 302, 308, 313, 339, 393, 400, 402, 406, 463, 501, 530（24张/6.155页） | 计划：7, 13, 17, 45, 51, 81, 90, 113, 138, 150, 171, 229, 234, 240, 258, 284, 288, 291, 344, 361, 363, 368, 396, 403, 456, 462, 487, 561（28张/6.722页） | 计划：25, 28, 40, 47, 78, 88, 103, 110, 130, 211, 262, 294, 374, 440, 479, 506, 516, 522, 524, 532, 536, 543, 548, 552, 557, 567, 573, 577, 589（29张/7.038页） | 计划：18-19, 30, 52, 94, 126, 156, 281, 289, 300, 324, 343, 350, 354, 386, 388, 413, 418, 423, 434, 438, 442, 446, 467-471, 486, 510, 559, 566（32张/9.475页） | 35.198 |
| D13 | 2026-07-22 | 计划：53, 61, 91-92, 165, 176, 229, 251, 262, 264, 307-308, 313, 352, 354, 358, 373, 385, 394, 446, 468, 491, 564（23张/5.070页；低于0.9T：单格均衡为优化项；当前分配优先满足整日容量与同卡不重复） | 计划：81-82, 94, 106, 113, 171, 234, 261, 323, 330, 333-334, 340, 347, 355, 360, 409, 413, 447, 515-516（21张/4.422页；低于0.9T：单格均衡为优化项；当前分配优先满足整日容量与同卡不重复） | 计划：5, 9, 28, 40, 47, 60, 77, 88, 96, 100, 134, 140, 175, 195, 210, 215-216, 228, 239, 244-246, 267, 280, 293, 295, 302, 319-320, 326, 335, 351, 371, 486, 560, 567, 573, 577, 579, 589（40张/10.156页） | 计划：30, 35, 37, 41, 43, 48, 65, 85, 104, 121-122, 142, 146-148, 150, 152, 158, 240, 263, 284, 288, 291, 344, 363, 442, 451, 464, 467, 470-471, 475, 521, 534, 578, 594（36张/7.524页） | 计划：11, 32, 34, 64, 89, 141, 268, 301, 341, 382, 395-396, 407, 412, 416, 424-426, 441, 472, 480, 497, 503, 506, 522, 550, 552, 561（28张/8.026页） | 35.198 |
| D14 | 2026-07-23 | 计划：81, 94, 106, 113, 195, 234, 300, 330, 333-334, 341, 357, 359, 369, 372, 374-375, 377-378, 386, 395-396, 407, 412-413, 417, 424, 438, 466, 472, 480, 559（32张/7.260页） | 计划：45, 47, 71, 88, 96, 100, 132, 137, 175, 198, 228, 240, 245-246, 295, 317, 319, 322, 331, 352, 373, 385, 394, 399, 435, 453, 467, 522, 526-527, 545（31张/7.247页） | 计划：25, 35, 43, 53, 56-57, 61, 67, 69, 87, 104, 146-147, 152, 158, 190, 214, 221, 263, 274, 337, 370, 476, 578, 594（25张/4.471页；低于0.9T：单格均衡为优化项；当前分配优先满足整日容量与同卡不重复） | 计划：7, 23, 51, 77, 79, 111, 134, 145, 156, 167, 182, 215-216, 244, 278, 293, 302, 326, 349, 356, 361, 441, 459, 469, 486, 497, 539（27张/8.796页） | 计划：12, 16, 40-41, 75, 103, 130, 148, 262, 282, 290, 314, 323, 340, 379, 393, 411, 422, 474-475, 493, 505, 516, 521, 524, 532, 534, 542, 546-548, 557, 577, 589（34张/7.426页） | 35.199 |
| D15 | 2026-07-24 | 计划：47, 49, 60, 71, 75, 88, 96, 100, 137, 169, 175, 217, 228, 240, 259, 261, 263, 294-295, 317, 347, 397, 495, 503, 506, 514, 555, 563, 591（29张/8.202页） | 计划：56-57, 69-70, 104, 147, 158, 190, 210, 239, 320, 326-327, 368-369, 372, 378, 380, 382, 407, 417, 424-425, 438, 466, 472, 480, 518, 521, 539, 542, 547, 557（33张/7.370页） | 计划：48, 64-65, 110-111, 145, 156, 167, 184, 278, 299, 305, 308, 310, 312, 322-325, 330-331, 333, 350, 373, 393, 442, 570（27张/6.218页） | 计划：68, 98, 107, 118, 133, 136, 162, 183, 187, 193, 197, 200, 214, 218, 220-221, 245-246, 270, 274, 337, 366, 370-371, 474, 493, 505, 595（28张/6.045页） | 计划：23, 27, 61, 79, 128, 143, 146, 152, 291, 306-307, 319, 334, 352, 357-358, 374-375, 377, 409, 414, 433, 440, 460, 494, 558, 565, 567, 573, 578, 594（31张/7.364页） | 35.198 |
| D16 | 2026-07-25 | 计划：56-57, 69-70, 101, 117, 130, 144, 154, 168, 190, 254, 278, 293, 328-329, 363, 367, 381-382, 421, 437, 439-440, 449, 451, 461, 470（28张/6.831页） | 计划：77, 91, 99, 108, 188, 207, 230, 271, 285-286, 311-312, 318, 325, 332, 346, 392, 397, 405, 427, 443, 450, 460, 519, 536（25张/6.495页） | 计划：133, 136, 151, 178, 213, 224, 227, 232, 247, 272, 283, 292, 298, 303, 315, 327, 354, 356, 366, 376, 378, 407, 414-415, 445, 559, 572, 581（28张/6.510页） | 计划：12, 19, 21, 26, 32, 44, 50, 55, 58, 92, 95, 105, 112, 114, 123, 125, 138, 149, 161, 163, 180, 194-195, 201, 203, 206, 231, 237, 242, 265, 289, 360, 454, 465, 483, 507, 541, 558（38张/7.295页） | 计划：3, 14, 37, 62-63, 85, 131, 263, 305, 316, 345, 361, 368-369, 387, 401, 455, 478, 481-482, 485, 538, 549, 562, 574, 580, 585, 590, 593（29张/8.067页） | 35.198 |
| D17 | 2026-07-26 | 计划：77, 80, 99, 108, 188, 207, 230, 256, 271, 286, 311, 318, 332, 346, 405, 467, 481, 485, 490, 510, 519, 547, 558, 595（24张/6.035页） | 计划：76, 134, 151, 166, 178, 213, 224, 227, 232, 272, 283, 292, 303, 315, 354, 356, 366, 414-415, 418, 439-440, 446, 451, 457, 461, 533（27张/6.700页） | 计划：12, 19, 26, 32, 37, 58, 68, 84, 92, 95, 105, 112, 114, 123, 149, 161, 163, 180, 194, 201-203, 231, 237, 242, 289, 294, 317, 343, 358, 360, 369, 382, 386, 392, 413, 443, 460, 463, 587（40张/9.168页） | 计划：3, 14, 90, 131, 137, 169-170, 176, 185, 199, 217, 226, 241, 249, 259, 268, 282, 298, 312, 321, 327, 376, 449, 478, 482, 492, 538, 549, 562, 574, 580, 585, 590, 593（34张/6.542页） | 计划：8, 36, 44, 46, 55, 73, 125, 127, 133, 278, 293, 328, 347, 367, 381, 397, 421, 427, 437, 536, 543, 584, 592（23张/6.753页） | 35.198 |
| D18 | 2026-07-27 | 计划：68, 82, 104, 239, 245-246, 272, 292, 325-327, 344, 368, 404, 460, 469, 471, 475, 501, 518, 521-522, 526-527, 530-531, 533, 542, 557, 565, 577（31张/7.796页） | 计划：50, 64-65, 90, 111, 136, 146, 156, 167, 206, 214, 216, 221, 259, 299, 335, 445, 491, 495, 502-504, 506, 514, 524, 552（26张/5.930页） | 计划：34, 85, 137, 185, 193, 200, 218, 355, 394, 398, 406, 409-410, 417, 424-425, 438-440, 453, 458, 461, 466, 472, 480, 483, 595（27张/6.787页） | 计划：10, 172, 181, 184, 188, 190, 192, 235, 238, 243, 248, 250, 280, 283, 295-296, 305, 310, 323, 330-331, 333, 348, 362, 378, 381, 383, 386, 494, 510, 544, 561（32张/6.364页） | 计划：4, 47-48, 54, 58, 66, 87, 93, 98, 107, 110, 115-116, 118-119, 122, 124, 145, 147, 158-159, 162, 261, 264, 279, 294, 311, 317, 372, 450, 489, 563（32张/8.322页） | 35.198 |
| D19 | 2026-07-28 | 计划：64, 76, 86, 128, 151, 166, 186, 213, 219, 223-224, 232, 283, 299, 303, 337, 361, 376, 392, 418, 422, 452, 457, 499, 515-516, 536, 552, 554, 562, 584, 592（32张/8.190页） | 计划：34, 41, 43, 67, 78, 95, 105, 112, 114, 123, 130, 135, 149, 161, 163, 180, 194, 201-203, 229, 231, 237, 242, 289, 343, 358, 390, 396, 410, 434, 436, 441, 449, 468-471, 475, 477, 481, 486, 490, 510, 532, 538, 543（47张/12.107页） | 计划：14, 21, 29, 31, 126, 169-170, 176, 188, 199, 217, 226, 241, 249, 262, 268, 282, 385, 395, 427, 431, 446, 574, 580, 590, 593（26张/5.394页；低于0.9T：单格均衡为优化项；当前分配优先满足整日容量与同卡不重复） | 计划：4, 8, 53, 84, 113, 165, 251, 253, 258, 267, 314, 319-320, 334, 339, 369, 382, 462, 485（19张/3.837页；低于0.9T：单格均衡为优化项；当前分配优先满足整日容量与同卡不重复） | 计划：5, 9, 13, 17, 35, 45, 68, 90, 111, 134, 265, 271, 286-287, 302, 318, 329, 332, 344, 349, 404-405, 451, 487（24张/5.670页；低于0.9T：单格均衡为优化项；当前分配优先满足整日容量与同卡不重复） | 35.198 |
| D20 | 2026-07-29 | 计划：73, 122, 124, 127, 134-135, 180, 194, 202, 209, 231, 235, 237-238, 242, 255, 289-290, 296, 302, 314, 343, 353, 379, 388, 411, 427, 430, 434, 441, 463, 474, 486, 489, 524, 532, 538, 543, 545, 566-567, 573-574, 578, 589, 593（46张/11.740页） | 计划：37, 60, 169-170, 176, 183, 187, 195, 197, 199, 217, 226, 241, 262, 268, 307, 341, 361, 395, 412, 546（21张/6.187页） | 计划：6, 8, 30, 41, 71, 82, 130, 132, 165, 251, 253, 297, 334, 339, 347, 352, 399-402, 435, 451, 467-471, 475, 477, 481（30张/7.325页） | 计划：5, 9, 13, 17, 34, 45, 61, 64, 67, 171, 208, 228-229, 234, 279, 322, 354, 358, 364, 368, 373, 445, 455, 568, 582（25张/5.880页） | 计划：10, 25, 28, 77, 88, 92, 95, 105, 112-114, 123, 149-150, 153, 161, 163, 283, 303, 308, 320, 337, 378, 392, 449, 539（26张/4.066页） | 35.198 |
