# 合并场景15：当天中断后合并 5 张卡片

## 出现了什么意外

- D1、D2 全部完成。
- D3 按当天全局卡号完成前 50% 后中断并锁定实绩。
- 仍在 D3 当天，把当前 200-204 合并为一张父卡；未来替换最早从 D4 生效。

## 合并语义

- 子卡完成时序号：200-204
- 保留父卡当前序号：200
- 父卡有效页数：1.004792 页，等于 5 张子卡有效页数之和。
- 子卡身份保留在历史账本中，但生命周期变为 deleted，并指向保留父卡。
- 每个复习列只保留一个父卡 occurrence；已完成子卡历史不回写，未完成子卡 occurrence 全部取消。

## 验收结果

- 结论：通过
- 硬约束失败：0
- 无理由低负载单元格：0
- 无理由日总量偏差：0
- 锁定历史保持不变：是
- 父卡 occurrence：5/5
- 仍在未来计划中的子卡 occurrence：0
- 父卡超过7.04页时独占任务包：否
- 相同输入重放一致：是
- 最终计划日：D20

## 最终计划表

历史子卡直接标注“原序号…已合并至当前卡…”，未来计划只显示保留父卡的当前序号。

| 学习日 | 日期 | 新学 | 1日复习 | 3日复习 | 7日复习 | 15日复习 | 当日总页数 |
| --- | --- | --- | --- | --- | --- | --- | --- |
| D1（D1 全部完成） | 2026-07-10 | 实绩：1-34（34张/6.202页） | 实绩：560-597；其余当前序号556-593（38张/6.402页） | 实绩：490-516；其余当前序号486-512（27张/6.050页） | 实绩：394-413；其余当前序号390-409（20张/6.305页） | 实绩：166-207；其余当前序号166-199, 201-203；原序号200-204已合并至当前卡200（42张/6.426页） | 31.385 |
| D2（D2 全部完成） | 2026-07-11 | 实绩：35-45（11张/6.554页） | 实绩：1-34（34张/6.202页） | 实绩：517-559；其余当前序号513-555（43张/6.300页） | 实绩：414-440；其余当前序号410-436（27张/6.285页） | 实绩：208-262；其余当前序号204-258（55张/6.523页） | 31.864 |
| D3（D3 按全局卡号完成前 50% 后中断；异常：中断后合并卡200-204，D4生效） | 2026-07-12 | 实绩：46-56（11张/6.025页） | 实绩：35-45（11张/6.554页） | 未完成 | 实绩：441-452；其余当前序号437-448（12张/3.891页） | 实绩：263-276；其余当前序号259-272（14张/6.385页） | 22.855 |
| D4 | 2026-07-13 | 计划：59, 74, 142, 159, 202, 205, 238, 243, 259, 267, 290, 307, 328, 364, 395, 406, 451, 456, 485, 522, 536, 574（22张/4.534页；低于0.9T：单格均衡为优化项；当前分配优先满足整日容量与同卡不重复） | 计划：48, 56, 70, 81, 119, 127, 131, 163, 213, 218, 231, 235, 242, 261, 287, 295, 310, 319, 332, 402, 416, 422, 428, 478, 489, 493（26张/5.854页） | 计划：6, 15, 28, 36, 51, 67, 85, 98, 122, 124, 129, 135, 146, 180, 191, 215, 219, 225, 246, 250-251, 292, 296, 324, 327, 333, 356, 393-394, 400, 414, 429, 467, 476, 561, 576（36张/7.691页） | 计划：41, 73, 89-90, 104, 126, 130, 157, 172, 185, 198, 201, 222, 240, 253, 260, 268, 276, 282, 285, 314, 329, 343, 345, 348, 352, 374, 460, 481, 521, 523, 526, 531, 535, 541, 582, 584-585（38张/7.621页） | 计划：10, 13, 76, 80, 86-87, 93, 110-111, 153, 277, 280, 283-284, 291, 349, 353, 404, 418, 421, 439, 463, 469, 477, 482, 510, 549, 555, 572（29张/6.304页） | 32.005 |
| D5 | 2026-07-14 | 计划：71, 81, 89, 100-101, 119, 121, 127, 135, 151, 161, 168, 201, 222, 247, 276, 303, 343, 352, 354, 369, 392, 404, 412, 414, 458, 507, 523, 530-531, 535, 566-567, 578（34张/5.716页；低于0.9T：单格均衡为优化项；当前分配优先满足整日容量与同卡不重复） | 计划：51, 91, 93, 97, 108, 112, 118, 132, 142, 153, 205, 225, 230, 246, 254, 259, 304, 327, 337, 348, 353, 357, 362, 368, 372-373, 396, 401, 403, 406, 434, 439-440, 485-486, 491, 500, 510, 520, 534（40张/8.975页） | 计划：2, 43, 45, 65, 75, 82, 90, 92, 126, 137, 195-196, 199, 221, 241, 258, 287, 290, 319, 411, 426, 445, 469（23张/6.283页） | 计划：13, 70, 95, 109, 116, 129, 143, 174, 191, 208, 239, 272, 277, 280, 283, 324, 338, 355, 365, 492-493, 545, 560, 586, 591（25张/5.270页；低于0.9T：单格均衡为优化项；当前分配优先满足整日容量与同卡不重复） | 计划：5-6, 130, 138, 281, 285-286, 300, 307, 311, 315, 329, 341, 395, 400, 402, 409, 417, 427, 457, 460, 516-517, 529, 536, 539, 548, 574, 590（29张/5.762页） | 32.005 |
| D6 | 2026-07-15 | 计划：108, 132, 137, 143, 204, 240, 253, 289, 294, 297, 327, 341, 386, 389, 400, 429, 452, 500, 520, 534, 544, 548, 556, 576, 591（25张/5.451页；低于0.9T：单格均衡为优化项；当前分配优先满足整日容量与同卡不重复） | 计划：73, 82, 90, 136, 151, 160, 168, 178, 199, 222, 262, 277, 283, 285, 303, 306, 317, 323, 333, 349, 352, 369, 414, 417, 432, 438, 449, 456, 458, 467, 497, 516, 526, 539（34张/7.566页） | 计划：13, 20, 29, 41, 56, 59-60, 69, 76, 78, 95, 100, 139, 142, 163, 172, 201, 203, 205, 208, 230, 254, 259, 282, 311, 329, 337, 343, 346, 353, 355, 357, 373, 404, 407, 418, 450, 460, 566-567（40张/8.803页） | 计划：6, 28, 36, 42, 51, 62, 161, 180, 221, 225, 241, 247, 251, 266, 320, 335, 361, 364, 384, 477, 485, 529, 590（23张/4.489页；低于0.9T：单格均衡为优化项；当前分配优先满足整日容量与同卡不重复） | 计划：33, 45, 53, 63, 71, 74, 91, 97, 106, 116, 118, 134, 148, 150, 155, 287, 309, 362, 392, 406, 426, 434, 440, 459, 493, 523, 557, 578, 586（29张/5.696页；低于0.9T：单格均衡为优化项；当前分配优先满足整日容量与同卡不重复） | 32.005 |
| D7 | 2026-07-16 | 计划：73, 82-83, 131, 144, 160, 170, 180, 206, 208, 211, 221, 225, 236, 241-242, 251, 258, 265-266, 282-283, 285, 305, 312, 333, 337, 348, 353, 373, 378, 383, 416, 440, 457, 493, 510, 527, 533, 539, 586（41张/7.624页） | 计划：63-64, 69, 78, 111, 125, 137, 145, 157, 172, 201, 203-204, 247, 271, 320, 339, 341, 388, 392, 400, 404, 429, 459, 523（25张/5.695页；低于0.9T：单格均衡为优化项；当前分配优先满足整日容量与同卡不重复） | 计划：5, 21, 42, 71, 104, 106-107, 220, 222, 227, 231, 253, 306, 328, 335, 349, 352, 358, 380, 402, 417, 420, 438, 458, 556-557, 578, 590-591（29张/6.041页） | 计划：20, 27, 29, 43, 74, 97, 120, 136, 163, 205, 246, 254, 259, 262, 270, 287, 294, 369, 381-382, 449-450, 452, 488, 516-517, 555, 572, 574, 576-577（31张/6.149页） | 计划：100, 108, 123, 132, 139, 161, 289, 297, 317, 327, 343, 346, 354, 361, 412, 414, 432, 448, 455-456, 471, 485, 500, 526, 560（25张/6.496页） | 32.005 |
| D8 | 2026-07-17 | 计划：69, 109, 114, 129, 136, 157, 200, 212, 218, 228, 231, 233, 246, 278, 284, 292, 310, 314, 319-320, 336, 357, 365, 417, 421-422, 432, 439, 463, 471, 477, 482, 508, 532, 549, 562, 585（37张/8.073页） | 计划：54, 59-60, 75, 86, 88, 92, 94, 98, 104-105, 138, 180, 187-188, 190, 194, 196, 208, 219, 238, 240, 250-251, 253, 329, 345, 393, 445, 465, 514, 522, 527, 540, 555（35张/6.996页） | 计划：30, 70, 97, 132, 140, 159, 173, 198, 235, 237, 273, 302, 305, 359, 364, 366, 368, 375, 378, 383, 466, 474, 574, 583（24张/5.507页；低于0.9T：单格均衡为优化项；当前分配优先满足整日容量与同卡不重复） | 计划：10, 15, 38-39, 66-67, 71, 76, 79, 85, 111, 122, 124, 135, 153, 160, 213, 215, 242, 291, 300, 315-316, 318, 467, 469, 484, 519, 536, 551（30张/6.725页） | 计划：9, 11, 28, 32, 120, 162, 328, 338, 348, 377, 379, 386, 391, 397, 407, 413, 437, 449, 458, 476, 478, 483, 489, 499, 501, 506, 582, 584（28张/6.205页） | 33.506 |
| D9 | 2026-07-18 | 计划：70, 79, 93, 105, 122, 128, 162, 186, 189, 215, 219-220, 279, 309, 318, 323, 329, 332, 339, 350, 361, 370, 409, 434, 455, 555, 558-559, 582, 584（30张/6.994页） | 计划：58, 80, 95, 173, 181, 191, 198, 233, 284, 324, 326, 328, 334, 336, 342, 351, 354, 359, 389, 397, 421, 463, 475, 477, 482（25张/5.251页；低于0.9T：单格均衡为优化项；当前分配优先满足整日容量与同卡不重复） | 计划：14, 49, 55, 81, 94, 102, 109, 111, 114, 153, 157-158, 164, 171, 187, 202, 213, 257, 261, 274, 308, 315, 338, 367, 395, 410, 416, 419（28张/5.291页；低于0.9T：单格均衡为优化项；当前分配优先满足整日容量与同卡不重复） | 计划：23, 75, 86, 88, 92, 159, 166, 190, 206, 218, 235-236, 238, 265, 288, 302, 310, 327, 356, 358, 380, 451, 456, 465, 471, 473, 478, 490, 496, 499, 512, 522（32张/6.452页） | 计划：2, 19, 31, 44, 65-66, 85, 90, 127, 133, 137, 144, 146, 276, 282, 345, 357, 423, 445, 454, 461-462, 466, 481, 484, 488, 492, 503, 511, 513, 519, 521, 527, 533, 545, 551, 593（37张/11.207页） | 35.195 |
| D10 | 2026-07-19 | 计划：63, 66, 68, 92, 104, 123, 133-134, 141, 172, 176, 214, 245, 249, 262, 273, 275, 313, 316-317, 325, 375, 384, 405, 408, 426-427, 473-474, 484, 502, 511, 540（33张/8.045页） | 计划：46, 126, 146, 149, 158, 164, 183, 186, 227, 252, 274, 318, 322, 344, 446, 464, 480, 498, 509, 538, 542（21张/5.064页；低于0.9T：单格均衡为优化项；当前分配优先满足整日容量与同卡不重复） | 计划：7, 12, 26, 152, 154, 156, 190, 197, 226, 243, 265, 270, 281, 293, 310, 321, 371, 376, 391, 396, 401, 437, 483, 562（24张/5.008页；低于0.9T：单格均衡为优化项；当前分配优先满足整日容量与同卡不重复） | 计划：14, 31, 48-50, 64, 72, 93, 113-115, 117, 121, 132, 142, 169, 181-182, 192-193, 209, 248, 257, 271, 296, 301, 309, 330-331, 341, 353, 379, 461, 468, 470, 497, 505, 525, 544, 553, 563, 569, 575, 580, 587-588（46张/10.006页） | 计划：16, 18, 40, 57, 77, 112, 135, 143, 145, 305, 323, 326, 342, 352, 359, 372, 380, 411, 415, 419, 431, 442-443, 451, 512, 524, 535, 547, 579（29张/7.076页） | 35.198 |
| D11 | 2026-07-20 | 计划：72, 75, 95, 120, 150, 155, 185, 196, 203, 230, 244, 254, 256, 274, 287, 306, 322, 349, 355, 362, 367, 385, 399, 403, 504, 512, 516, 543, 577（29张/5.507页；低于0.9T：单格均衡为优化项；当前分配优先满足整日容量与同卡不重复） | 计划：49, 66, 109, 170, 174, 195, 216, 221, 237, 241, 266, 268, 286, 335, 381, 415, 441, 484, 513, 537, 546, 549（22张/5.633页；低于0.9T：单格均衡为优化项；当前分配优先满足整日容量与同卡不重复） | 计划：8, 11, 23, 31, 40, 48, 54, 64, 84, 89, 116, 118, 212, 240, 247, 269, 271-272, 276, 341, 351, 392, 424, 435, 447, 449, 452, 461, 465, 564, 571, 585, 589（33张/7.882页） | 计划：21, 32, 57, 59, 65, 91, 100, 106-108, 148, 152, 167, 178, 184, 207, 211, 261, 298, 307, 321, 332, 340, 377-378, 388, 453, 455, 457, 501, 511, 550, 565-567, 593（36张/8.265页） | 计划：17, 20, 29, 39, 46, 56, 67, 78, 88, 129, 140, 151, 278, 288, 303, 325, 337, 369-370, 373, 428-430, 472, 487, 507, 514, 520, 530, 559, 576, 583, 591（33张/7.911页） | 35.198 |
| D12 | 2026-07-21 | 计划：65, 77, 87, 96, 99, 103, 116, 118, 193-194, 260, 268, 291, 351, 379, 387, 415, 428, 433, 445, 447, 465, 467, 489-490, 513, 525, 564（28张/6.863页） | 计划：52, 83-84, 141, 147, 175, 200, 207, 244, 264, 269, 275, 300, 313, 347, 360, 363-364, 382, 399, 405, 407-408, 426-427, 435, 452, 462, 487, 528, 554（31张/8.714页） | 计划：10, 32, 37, 148, 151, 167, 170, 174, 184, 211, 216-217, 224, 228, 234, 256, 289, 295, 297, 312, 314, 332, 344-345, 374, 430, 432, 439, 473, 568, 573, 581（32张/7.411页） | 计划：11, 30, 68, 101, 133-134, 140, 150, 155, 164, 183, 186, 188, 197, 210, 229, 232, 255, 267, 273, 286, 323, 375, 504, 506-508, 515, 530, 534, 546, 549, 552, 571, 589（35张/5.276页；低于0.9T：单格均衡为优化项；当前分配优先满足整日容量与同卡不重复） | 计划：14, 72, 114-115, 121, 125, 163, 274, 335, 365-366, 368, 381, 385, 390, 394, 398, 403, 444, 453, 464, 479, 497, 537, 544, 561, 585（27张/6.934页） | 35.198 |
| D13 | 2026-07-22 | 计划：64, 84, 117, 147-149, 179, 183-184, 207, 223, 226, 234, 269, 331, 346, 359, 363, 368, 382, 391, 397-398, 407, 435, 480, 497, 506, 515, 546, 573（31张/5.903页） | 计划：87, 99, 106-107, 165, 167, 211, 217, 224, 265, 278, 299, 308, 340, 355-356, 374, 379, 394, 423, 443, 450, 470, 504-505, 544, 550, 552（28张/5.427页；低于0.9T：单格均衡为优化项；当前分配优先满足整日容量与同卡不重复） | 计划：25, 52, 62, 68, 83, 101, 110, 121, 123, 134, 145, 150, 155, 194, 200, 204, 209-210, 229, 232, 249, 255, 260, 267, 275, 284, 286, 313, 318, 334, 384-385, 453-454, 459, 593（36张/7.705页） | 计划：1, 3, 9, 46, 78, 96, 103, 105, 125, 127, 131, 141, 175-176, 227-228, 250, 264, 289, 297, 311-312, 317, 319, 344, 347, 366, 376, 383, 464, 472, 479, 495, 518, 538, 558, 564, 568（38张/10.277页） | 计划：4, 30, 35, 38, 54, 293, 298, 387, 408, 420, 433, 436, 473, 475, 494, 541, 554, 556, 565, 587（20张/5.887页） | 35.198 |
| D14 | 2026-07-23 | 计划：62, 76, 86, 88, 113, 140, 165-166, 187, 191, 197, 237, 261, 293, 296, 299, 324, 345, 356, 390, 419, 436, 461, 464, 468, 491, 572, 575, 580, 587（30张/9.075页） | 计划：61, 65, 77, 102, 124, 154, 156, 169, 185, 226, 239, 281, 291, 301, 309, 361, 366, 376, 380, 424, 431, 442, 451, 474, 490, 508, 511, 518, 524, 532, 535, 553（32张/7.511页） | 计划：17, 19, 22, 44, 58, 72, 80, 115, 117, 120, 128, 131, 143, 147, 149, 160, 177, 182, 189, 192-193, 248, 264, 268, 298, 300, 331, 372, 475, 570（30张/6.771页） | 计划：4, 26, 52, 94, 112, 123, 145, 179, 196, 214, 220, 243, 245, 274, 326, 342, 359, 368, 373, 387, 489, 494, 498, 513, 528, 547, 561-562, 579（29张/5.037页；低于0.9T：单格均衡为优化项；当前分配优先满足整日容量与同卡不重复） | 计划：12, 24, 81, 152, 159, 273, 275, 292, 313, 316, 318, 321, 330, 332, 350-351, 360, 374-375, 393, 405, 425, 441, 465, 470, 480, 486, 496, 540, 543, 569, 588（32张/6.805页） | 35.198 |
| D15 | 2026-07-24 | 计划：60-61, 91, 97, 106-107, 139, 217, 224, 248, 257, 277, 280, 311, 340, 401, 453, 472, 478, 495, 505, 518, 541, 552（24张/4.900页；低于0.9T：单格均衡为优化项；当前分配优先满足整日容量与同卡不重复） | 计划：50, 62, 101, 103, 110, 120-121, 129-130, 134, 152, 209, 229, 232, 255-256, 289, 296-298, 312, 330-331, 375, 385, 387, 390, 398, 433, 436, 460-461, 466, 483, 494, 499, 525（37张/8.788页） | 计划：3-4, 87, 96, 125, 175-176, 183, 188, 244, 252, 262, 294, 299, 347-348, 365, 423, 428, 442-443, 462, 480, 577, 579-580, 592（27张/5.072页；低于0.9T：单格均衡为优化项；当前分配优先满足整日容量与同卡不重复） | 计划：18, 33, 44, 80, 83, 137, 147, 156, 195, 199, 216, 223, 249, 263, 322, 357, 362, 372, 386, 389, 458-459, 475, 487, 502, 509, 542, 554, 557, 581（30张/9.216页） | 计划：7, 27, 68, 99, 117, 124, 131, 141, 149, 154, 279, 295, 302, 308, 324, 334, 344, 371, 378, 383, 396, 416, 447, 467-468, 491, 515, 528, 550, 564, 568, 571, 573, 589（34张/7.220页） | 35.195 |
| D16 | 2026-07-25 | 计划：67, 78, 110, 125, 152, 163, 174, 177, 195, 210, 227, 232, 252, 270, 300, 335, 344, 388, 393, 410, 425, 430, 437, 449-450, 459, 466, 486, 557, 565, 583, 590（32张/6.681页） | 计划：47, 53, 71, 79, 100, 116, 143, 148, 150, 155, 184, 212, 228, 282, 294, 302, 311, 343, 346, 377, 384, 418, 447, 501, 507, 530, 548（27张/5.396页；低于0.9T：单格均衡为优化项；当前分配优先满足整日容量与同卡不重复） | 计划：38, 74, 91, 136, 161, 178, 207, 223, 266, 277-278, 283, 309, 317, 320, 322-323, 330, 362-363, 369, 379, 381, 390, 403, 408, 415, 433, 436, 456, 472, 575, 587（33张/8.967页） | 计划：5, 35, 45, 56, 60, 69, 82, 99, 118-119, 139, 151, 200, 203-204, 224, 234, 244, 256, 269, 279, 292, 333, 337, 349, 351, 371, 463, 500, 520, 539, 556, 578（33张/8.794页） | 计划：8, 21, 36, 42-43, 52, 59, 62, 84, 96, 101, 103, 107, 122, 142, 164, 306, 314, 319, 355, 364, 452, 502, 504, 534, 566-567, 577（28张/5.359页；低于0.9T：单格均衡为优化项；当前分配优先满足整日容量与同卡不重复） | 35.198 |
| D17 | 2026-07-26 | 计划：58, 98, 112, 138, 154, 156, 169, 171, 271-272, 301, 321, 330, 376, 380, 413, 418, 420, 424, 444, 470, 479, 483, 514, 517, 519, 524, 529, 538, 569, 592-593（32张/7.350页） | 计划：55, 72, 74, 76, 113, 115, 128, 144, 182, 192-193, 243, 248, 279, 305, 314, 316, 325, 358, 371, 378, 409, 411, 419, 496, 547（26张/4.998页；低于0.9T：单格均衡为优化项；当前分配优先满足整日容量与同卡不重复） | 计划：24, 50, 53, 57, 66, 79, 86, 130, 133, 162, 166, 179, 186, 214, 239, 245, 263, 288, 303-304, 336, 339-340, 354, 361, 370, 377, 382, 386, 397, 405, 425, 431, 434, 441, 446, 448, 451, 468, 481, 559, 572（42张/10.223页） | 计划：12, 16, 61, 77, 102, 168, 177, 189, 230, 233, 281, 290, 293, 346, 350, 360, 454, 476, 480, 503, 532, 540, 548（23张/4.512页；低于0.9T：单格均衡为优化项；当前分配优先满足整日容量与同卡不重复） | 计划：1, 22, 25-26, 34, 37, 47-48, 64, 89, 94, 119, 158, 160, 165, 299, 310, 320, 367, 438, 495, 498, 508, 542, 553, 563, 570, 575, 580（29张/8.113页） | 35.196 |
| D18 | 2026-07-27 | 计划：111, 153, 158, 164, 173, 181, 188, 190, 213, 255, 281, 295, 298, 315, 338, 358, 377, 446, 460, 481, 487-488, 498, 509, 537, 547, 553（27张/4.960页；低于0.9T：单格均衡为优化项；当前分配优先满足整日容量与同卡不重复） | 计划：85, 114, 135, 140, 159, 171, 197, 202, 214, 220, 245, 257, 263, 270, 280, 307, 321, 365, 367, 391, 410, 437, 444, 448, 454-455, 468-469, 471, 476, 492, 503, 512, 517, 519, 521, 529, 531, 545, 551（40张/8.619页） | 计划：16, 35, 39, 46, 63, 119, 168-169, 206, 233, 236, 238, 285, 301, 316, 325, 360, 388, 399, 406, 409, 413, 421, 440, 477, 484-485, 558, 565, 586（30张/8.008页） | 计划：24, 40, 53, 81, 98, 138, 144, 146, 162, 165, 187, 212, 231, 299, 306, 308, 354, 363, 370, 462, 474, 482, 524, 527, 533, 570（26张/6.342页） | 计划：15, 49-51, 55, 58, 60, 69, 73, 82, 92, 95, 102, 105, 109, 128, 157, 294, 304, 312, 333, 336, 389, 401, 422, 490, 518, 562, 581, 592（30张/7.271页） | 35.199 |
| D19 | 2026-07-28 | 计划：57, 145, 167, 175, 192, 199, 209, 216, 229, 250, 263-264, 286, 304, 326, 342, 347, 366, 371-372, 381, 394, 423, 438, 441-443, 448, 475, 494, 496, 501, 528, 542, 550, 554, 560, 568, 571, 579, 588-589（42张/9.752页） | 计划：67-68, 89, 96, 117, 123, 133, 139, 161, 176-177, 179, 210, 223, 234, 249, 267, 273, 276, 288, 290, 292-293, 383, 412, 425, 430, 453, 472, 479, 502, 506, 515, 541, 543（35张/7.720页） | 计划：18, 27, 88, 99, 103, 127, 141, 185, 242, 279, 291, 307, 350, 387, 398, 457, 464, 470, 563, 569（20张/5.004页；低于0.9T：单格均衡为优化项；当前分配优先满足整日容量与同卡不重复） | 计划：7, 17, 19, 22, 34, 47, 63, 84, 87, 110, 149, 154, 170, 194, 217, 226, 237, 252, 258, 275, 278, 295, 305, 313, 328, 334, 385, 491, 537, 559, 573, 583（32张/7.599页） | 计划：3, 41, 61, 83, 104, 113, 126, 136, 147, 156, 322, 331, 339-340, 356, 376, 388, 435, 505, 525, 531, 546, 552（23张/5.121页；低于0.9T：单格均衡为优化项；当前分配优先满足整日容量与同卡不重复） | 35.195 |
| D20 | 2026-07-29 | 计划：80, 85, 90, 94, 102, 115, 124, 126, 130, 146, 178, 182, 198, 235, 239, 288, 302, 308, 334, 360, 374, 396, 402, 411, 431, 454, 462, 469, 476, 492, 499, 503, 521, 526, 545, 551, 561, 563, 570, 581（40张/7.792页） | 计划：57, 122, 162, 166, 189, 206, 215, 236, 258, 260, 272, 315, 338, 350, 370, 386, 395, 413, 420, 457, 473, 481, 488, 495, 533, 536（26张/6.637页） | 计划：1, 9, 33-34, 47, 61, 73, 77, 93, 105, 108, 112-113, 138, 144, 165, 181, 218, 280, 326, 342, 389, 412, 422, 427, 444, 455, 463, 471, 478-479, 482, 560, 582, 584, 588（36张/9.981页） | 计划：2, 8, 25, 37, 54-55, 58, 128, 158, 171, 173, 202, 219, 284, 303-304, 325, 336, 339, 367, 466, 483, 486, 510, 514, 543, 592（27张/5.490页） | 计划：23, 70, 75, 79, 98, 290, 296, 301, 347, 358, 363, 382, 384, 399, 410, 424, 446, 450, 474, 509, 522, 532, 538, 558（24张/5.299页） | 35.199 |
