# 合并场景17：合并已有历史形成约 10 页父卡

## 出现了什么意外

- D1、D2 全部完成。
- D3 前，把已有多列历史的当前 1-41 共 41 张子卡合并为一张约 10 页父卡。

## 合并语义

- 子卡完成时序号：1-41
- 保留父卡当前序号：1
- 父卡有效页数：10.280204 页，等于 41 张子卡有效页数之和。
- 子卡身份保留在历史账本中，但生命周期变为 deleted，并指向保留父卡。
- 每个复习列只保留一个父卡 occurrence；已完成子卡历史不回写，未完成子卡 occurrence 全部取消。

## 验收结果

- 结论：通过
- 硬约束失败：0
- 低于0.9T的单格（仅提示，不是硬失败）：36
- 无理由日总量偏差：0
- 未排入计划的有效 occurrence：0
- 锁定历史保持不变：是
- 父卡 occurrence：5/5
- 仍在未来计划中的子卡 occurrence：0
- 父卡保持不可拆：是
- 父卡超过整日上限时独占整日：不适用
- 相同输入重放一致：是
- 最终计划日：D22

## 最终计划表

历史子卡直接标注“原序号…已合并至当前卡…”，未来计划只显示保留父卡的当前序号。

| 学习日 | 日期 | 新学 | 1日复习 | 3日复习 | 7日复习 | 15日复习 | 当日总页数 |
| --- | --- | --- | --- | --- | --- | --- | --- |
| D1（D1 全部完成） | 2026-07-10 | 实绩：1-34；原序号1-34已合并至当前卡1（34张/6.202页） | 实绩：560-597；其余当前序号520-557（38张/6.402页） | 实绩：490-516；其余当前序号450-476（27张/6.050页） | 实绩：394-413；其余当前序号354-373（20张/6.305页） | 实绩：166-207；其余当前序号126-167（42张/6.426页） | 31.385 |
| D2（D2 全部完成） | 2026-07-11 | 实绩：35-45；其余当前序号2-5；原序号35-41已合并至当前卡1（11张/6.554页） | 实绩：1-34；原序号1-34已合并至当前卡1（34张/6.202页） | 实绩：517-559；其余当前序号477-519（43张/6.300页） | 实绩：414-440；其余当前序号374-400（27张/6.285页） | 实绩：208-262；其余当前序号168-222（55张/6.523页） | 31.864 |
| D3（异常：原卡1-41合并为约10页父卡） | 2026-07-12 | 计划：59, 79, 122, 138, 161, 163, 193, 209, 255, 263, 309, 357, 399, 404-405, 422, 426, 498, 503-504, 506, 511（22张/5.538页；低于0.9T：单格均衡为优化项；当前分配优先满足整日容量与同卡不重复） | 计划：5, 9, 17, 31, 35, 44-45, 53, 61, 65, 70, 86, 90-91, 95, 100, 113-114, 137, 153, 171, 189, 220, 227, 229, 268, 270, 307, 313, 347, 388, 393, 395, 409, 490（35张/9.020页） | 计划：7, 21, 24, 36, 43, 47, 63, 66, 69, 108, 154, 156-157, 184, 190, 195, 215, 236, 333, 418, 533, 553（22张/4.895页；低于0.9T：单格均衡为优化项；当前分配优先满足整日容量与同卡不重复） | 计划：119, 146, 186, 216, 228, 230, 278, 316, 401, 408, 412, 416, 423-424, 428, 431-433, 438-439, 441, 447, 452, 461, 474, 481, 495, 532, 545（29张/6.428页） | 计划：106, 116, 225, 240, 252-253, 258, 260, 265, 277, 294, 328, 338, 344, 355, 369, 372, 378, 396, 450-451, 505, 526, 548（24张/6.118页） | 31.999 |
| D4 | 2026-07-13 | 计划：51, 69, 82, 86, 105-106, 116, 236, 249, 302, 306, 315-316, 326, 332, 335, 337, 358, 385, 387, 460, 525, 547（23张/4.041页；低于0.9T：单格均衡为优化项；当前分配优先满足整日容量与同卡不重复） | 计划：1, 16, 58, 94, 109, 118, 140, 150, 173, 180, 182, 241, 273, 283, 296, 311, 325, 421, 430, 436-437, 485, 492, 510（24张/15.505页） | 计划：25-26, 73, 111, 120, 160, 162, 166, 205, 247, 295, 297, 305, 321, 367, 380, 423, 526, 531, 542, 549（21张/3.846页；低于0.9T：单格均衡为优化项；当前分配优先满足整日容量与同卡不重复） | 计划：30, 50, 55, 62, 75, 77-78, 84, 99, 124, 267, 277, 281, 313-314, 415, 417, 427, 442, 515, 521, 552（22张/2.999页；低于0.9T：单格均衡为优化项；当前分配优先满足整日容量与同卡不重复） | 计划：36, 87, 229, 239, 248, 254, 261, 275-276, 293, 303, 322, 334, 339, 363, 375, 379, 414, 445, 449, 459, 463, 473, 497, 507-509, 518, 537, 543（30张/5.609页；低于0.9T：单格均衡为优化项；当前分配优先满足整日容量与同卡不重复） | 32.000 |
| D5 | 2026-07-14 | 计划：63, 73, 92, 126, 135, 162, 170, 174, 186, 194, 199, 204, 208, 221, 233-234, 247, 252, 258, 279, 312, 338, 341, 365, 386, 411, 446, 475, 482（29张/5.746页；低于0.9T：单格均衡为优化项；当前分配优先满足整日容量与同卡不重复） | 计划：7, 11, 13, 40-41, 55, 57, 60, 62, 75-78, 81, 124-125, 138, 155, 158-159, 197, 235, 243, 260, 269, 300, 336, 346, 384, 414, 432, 447（32张/7.118页） | 计划：3, 9, 28, 31, 49, 97, 144, 239, 288, 304, 328, 342, 349, 369, 404, 541, 543, 551（18张/6.219页） | 计划：8, 35, 38, 44, 86, 93, 101, 152, 325, 335, 403, 429-430, 435, 440, 444, 467-468, 476, 487, 516-517, 522, 529, 535, 537-538, 546（28张/6.475页） | 计划：46, 95, 238, 244, 267-268, 271, 287, 292, 310, 313, 320, 324, 326, 345, 376, 389, 409, 420, 424, 461, 502, 514, 523, 555（25张/6.441页） | 31.999 |
| D6 | 2026-07-15 | 计划：25, 37-38, 68, 84, 115, 177, 213, 218, 229, 239, 254, 275, 281, 283, 293, 311, 314, 322, 325, 334, 339, 379, 437, 459, 463, 495, 509, 537, 551（30张/5.685页；低于0.9T：单格均衡为优化项；当前分配优先满足整日容量与同卡不重复） | 计划：47, 64, 67, 69, 82, 105-106, 116, 236, 246, 277, 280, 310, 315-316, 326, 335, 358, 371, 385, 387（21张/3.561页；低于0.9T：单格均衡为优化项；当前分配优先满足整日容量与同卡不重复） | 计划：1, 16, 58, 72, 80, 109, 118, 123, 140, 150, 173, 180, 182, 266, 273, 290, 296, 421, 429, 436, 445, 525, 544（23张/14.793页） | 计划：26, 40, 73, 111, 120, 158, 160, 162, 179, 205, 269, 285, 297, 320-321, 332, 337, 345, 407, 449, 470, 480, 490, 498, 504, 507, 520, 526, 542, 547, 549（31张/5.698页；低于0.9T：单格均衡为优化项；当前分配优先满足整日容量与同卡不重复） | 计划：19, 30, 55, 62, 79, 88, 99, 237, 346, 399, 415, 442, 456, 515, 552（15张/2.263页；低于0.9T：单格均衡为优化项；当前分配优先满足整日容量与同卡不重复） | 32.000 |
| D7 | 2026-07-16 | 计划：9, 15, 20, 58, 109, 118, 140, 145-146, 179-180, 182, 211, 215, 219, 230, 242, 244, 259, 290, 295, 363, 376, 392, 396, 406, 440, 505, 508, 533（30张/7.489页） | 计划：3, 30, 37, 63, 73, 111, 120, 156, 162, 166, 169-170, 192, 200, 205, 216, 221-222, 231, 247, 267, 284, 353, 357, 407, 422（26张/6.365页） | 计划：17, 39, 46, 48, 55, 60, 62, 75, 77-78, 94-95, 124, 135, 138, 217, 232, 252, 254, 291, 352, 547（22张/4.569页；低于0.9T：单格均衡为优化项；当前分配优先满足整日容量与同卡不重复） | 计划：7, 21, 33, 49, 91, 190, 236, 268, 312, 405, 418-419, 451, 460, 462, 478, 494, 497, 501, 506, 509, 511, 519, 523, 528, 536, 539, 541, 543, 548, 551, 556（32张/7.767页） | 计划：2, 84, 227, 235, 245, 249, 289, 307, 316, 333, 343, 359, 385, 429-430, 436, 452, 467, 474, 521-522, 557（22张/5.811页） | 32.001 |
| D8 | 2026-07-17 | 计划：8, 19, 22, 49, 64, 66-67, 74, 91, 100, 108, 136, 165, 167, 175, 189, 202, 235, 243, 248, 286, 307, 319, 340, 370, 373, 393, 410, 442, 521, 543（31张/6.749页） | 计划：12, 88, 97, 152, 218-219, 223, 232, 239-240, 254, 263, 276, 293, 302-303, 322, 333-334, 379, 394, 406, 419, 426, 434, 497（26张/7.028页） | 计划：4, 15, 29, 32, 34, 52, 82, 105-106, 116, 151, 212, 216, 259, 316, 366, 387（17张/3.691页；低于0.9T：单格均衡为优化项；当前分配优先满足整日容量与同卡不重复） | 计划：10-11, 23-24, 27, 48, 51, 58, 109, 118, 140, 143, 149, 166, 173, 182, 260, 266, 273, 295, 413, 443, 448, 453, 465-466, 472, 492, 531（29张/7.333页） | 计划：65, 73, 75, 77, 111, 120, 262, 269-270, 285, 312, 317, 321, 327, 341, 367, 388, 392, 395, 403, 417, 421, 427, 455, 506, 511, 542, 545, 556（29张/7.199页） | 32.000 |
| D9 | 2026-07-18 | 计划：7, 31, 99, 133, 144, 159, 169, 181, 225, 256, 264-265, 274, 291, 294, 299, 352, 355, 397, 451, 501, 548（22张/6.018页） | 计划：79-80, 122, 172, 209-210, 214, 250, 253, 257, 261, 329, 342, 360, 399, 435, 473, 503（18张/3.027页；低于0.9T：单格均衡为优化项；当前分配优先满足整日容量与同卡不重复） | 计划：35, 41, 44-45, 53, 65, 70, 88, 90-91, 101, 113-114, 121, 137, 171, 189, 191, 208, 224, 226, 237-238, 248, 268, 339, 347, 353, 388, 395, 402, 442（32张/7.433页） | 计划：9, 13, 47, 57, 63, 66-67, 69, 108, 135, 142, 184, 195, 288, 302-303, 322, 327, 409, 421, 426, 455-456, 464, 484, 486, 513-514, 530, 533-534, 555（32张/7.323页） | 计划：26-27, 82, 93, 105, 119, 228, 272, 279, 300, 304-305, 323, 331, 336, 348-349, 361, 364-365, 390, 401, 410, 423, 447, 465, 470, 476, 499（29张/8.201页） | 32.002 |
| D10 | 2026-07-19 | 计划：16, 26, 39, 60, 160, 173, 231, 296, 301, 346, 389, 428, 510（13张/3.052页；低于0.9T：单格均衡为优化项；当前分配优先满足整日容量与同卡不重复） | 计划：25, 33, 126, 131-132, 157, 174, 179, 186, 191, 194, 204, 208, 237, 249, 281, 297, 305, 314, 320, 356, 359, 367, 386, 411, 495, 500（27张/3.839页；低于0.9T：单格均衡为优化项；当前分配优先满足整日容量与同卡不重复） | 计划：38, 50, 57, 71, 76, 81, 84-85, 99, 117, 125, 155, 158, 169, 188, 199, 213, 241, 275, 277, 300, 308, 310, 326, 331, 371, 535, 537-538, 546, 552（31张/4.035页；低于0.9T：单格均衡为优化项；当前分配优先满足整日容量与同卡不重复） | 计划：1, 19, 80, 87-88, 121-122, 163, 165, 180, 234, 274, 290, 350, 414, 445, 463, 469, 473, 496, 508, 518, 525（23张/14.842页） | 计划：13, 20, 236, 266, 273, 283, 302, 306, 311, 325, 332, 335, 337, 358, 362, 381-383, 407, 435, 480, 485, 493, 520, 539, 547（26张/6.233页） | 32.001 |
| D11 | 2026-07-20 | 计划：12, 54, 76, 81, 88, 131-132, 151-152, 156, 241, 245, 262, 266-267, 278, 280, 282, 288, 303, 321, 323, 330, 348, 351, 383, 458, 467, 479-480, 518, 539（32张/7.343页） | 计划：29, 34, 48, 85, 96, 123, 168, 190, 211-212, 215, 217, 228, 230, 242, 256, 259, 264, 272, 274, 318-319, 338, 340-341, 363, 428（27张/7.215页） | 计划：2, 11, 14, 23, 27, 42, 51, 83, 92, 102, 139, 147, 149, 163, 174, 179, 185, 194, 204, 207, 240, 244, 249, 261, 279, 289, 356, 386, 391, 397, 528, 536, 548（33张/5.883页） | 计划：6, 15, 22, 32, 52, 71, 103, 144, 203, 209, 311, 425, 434, 454, 459, 483, 512, 524, 540（19张/4.184页；低于0.9T：单格均衡为优化项；当前分配优先满足整日容量与同卡不重复） | 计划：112, 226, 350, 354, 370, 384, 393, 398, 400, 402, 406, 418, 422, 440, 462, 472, 477, 492, 494, 496, 551（21张/7.374页） | 31.999 |
| D12 | 2026-07-21 | 计划：30, 89, 98, 123, 147, 158, 168, 200, 217, 223, 272, 333, 343, 362, 366, 377, 391, 403, 423, 436, 452, 474, 493, 514, 523, 555（26张/7.190页） | 计划：4, 14, 32, 71-72, 83, 92, 103, 146, 185, 188, 199, 207, 225, 234, 244, 266, 278, 287, 292, 294, 301, 306, 348, 376, 475, 487, 508（28张/7.313页） | 计划：10, 86, 133, 148, 159, 164, 167, 170, 176, 192, 196-197, 210, 221, 230-231, 233, 242, 246, 255, 258, 260, 265, 284, 336, 384, 401, 407, 428, 540（30张/6.446页） | 计划：12, 18, 39, 42, 56, 76, 85, 94, 102, 139, 155, 191, 222, 249, 252, 283, 353, 479（18张/3.844页；低于0.9T：单格均衡为优化项；当前分配优先满足整日容量与同卡不重复） | 计划：3, 33, 63, 69, 101, 224, 286, 360, 373-374, 386-387, 394, 397, 405, 419, 433-434, 443, 448, 454, 457, 468-469, 495, 500, 516-517, 535, 546（30张/7.208页） | 32.001 |
| D13 | 2026-07-22 | 计划：18, 35, 44, 95, 103, 139, 155, 188, 197, 210, 214, 260, 271, 289, 292, 300, 324, 331, 349, 375, 380, 408, 413, 447, 449-450, 470, 502, 531（29张/5.873页） | 计划：6, 8, 21, 28, 56, 121, 143, 176, 196, 233, 262, 265, 291, 298-299, 304, 308, 323, 351, 372, 374, 404-405, 446, 451, 478, 484（27张/7.543页） | 计划：22, 59, 134, 153, 161, 172, 177, 187, 193, 198, 203, 209, 250-251, 253, 256, 264, 270, 294, 309, 315, 346, 357, 399-400, 435, 448, 522, 524, 534（30张/8.425页） | 计划：5, 36, 41, 53, 68, 89-90, 92, 96, 104, 113, 125, 133, 159, 171, 189, 211, 227, 275, 286, 318, 339, 420, 488, 491, 553-554（27张/5.581页；低于0.9T：单格均衡为优化项；当前分配优先满足整日容量与同卡不重复） | 计划：17, 234, 281, 314, 377, 412, 416, 425, 428, 438-439, 441, 444, 458, 464, 475, 479, 481, 486（19张/4.576页；低于0.9T：单格均衡为优化项；当前分配优先满足整日容量与同卡不重复） | 31.999 |
| D14 | 2026-07-23 | 计划：40, 42, 56, 96, 113, 143, 176, 196, 228, 250, 298, 304-305, 336, 345, 354, 360, 378, 400, 416, 421, 424, 439, 461, 499, 544-545（27张/7.185页） | 计划：19, 22, 36, 43, 87, 127, 149, 187, 193, 198, 203, 251-252, 282, 288, 330, 349, 364-365, 392, 429, 507（22张/5.749页；低于0.9T：单格均衡为优化项；当前分配优先满足整日容量与同卡不重复） | 计划：6, 20, 68, 142, 145, 152, 178, 183, 257, 262-263, 272, 274, 299, 307, 312, 361, 372, 419-420, 426, 520, 532（23张/6.807页） | 计划：2, 45, 65, 98, 100, 107, 110, 112, 128, 130, 134, 141, 153, 172, 177, 206, 215, 220, 225-226, 232, 248, 254, 289, 309, 319, 329, 340, 352, 402, 410, 422, 437, 458, 485（35张/7.975页） | 计划：12, 24-25, 37, 47, 51, 53, 67, 290, 351, 368, 431-432, 471, 487-489, 491, 510, 519, 530, 533-534, 540, 554（25张/4.283页；低于0.9T：单格均衡为优化项；当前分配优先满足整日容量与同卡不重复） | 31.999 |
| D15 | 2026-07-24 | 计划：28, 43, 80, 87, 119, 127, 149, 153, 187, 201, 251, 253, 261, 268-270, 284, 287, 317, 342, 347, 353, 367-368, 402, 431, 441, 513, 517, 540, 556（31张/7.228页） | 计划：20, 49, 68, 93, 134, 142, 145, 167, 177-178, 255, 285-286, 289, 328, 344, 350, 354, 369, 378, 400, 417, 439, 459, 461-462, 472, 477, 499, 506, 511（31张/8.982页） | 计划：5, 12, 40, 89, 100, 107, 110, 112, 128, 130, 141, 175, 219, 225, 276, 298, 302-303, 329, 363, 382, 385, 393-394, 406, 434（26张/4.974页；低于0.9T：单格均衡为优化项；当前分配优先满足整日容量与同卡不重复） | 计划：34, 37, 70, 72, 115, 148, 154, 156, 181, 183, 198, 212, 224, 243, 293, 299, 307, 333, 351, 404, 436, 446, 471, 489, 557（25张/5.199页；低于0.9T：单格均衡为优化项；当前分配优先满足整日容量与同卡不重复） | 计划：6, 16, 23, 31, 114, 250, 282, 288, 371, 380, 408, 411, 413, 453, 466, 482, 527, 544, 550（19张/5.616页；低于0.9T：单格均衡为优化项；当前分配优先满足整日容量与同卡不重复） | 31.999 |
| D16 | 2026-07-25 | 计划：14, 17, 21, 24, 29, 32, 34, 55, 62, 75, 77-78, 83, 97, 111, 120, 124, 130, 166, 222, 238, 277, 310, 313, 356, 409, 425, 429-430, 443, 476, 494, 516（33张/9.781页） | 计划：10, 27, 39, 42, 102, 258, 271, 295, 324, 331, 343, 345, 362, 368, 381, 389, 398, 440, 470, 505（20张/3.277页；低于0.9T：单格均衡为优化项；当前分配优先满足整日容量与同卡不重复） | 计划：8, 13, 18, 54, 79, 96, 103, 186, 214, 234, 267, 269, 278, 292, 318, 370, 373, 383, 414, 422, 446, 523, 550（23张/6.054页） | 计划：43, 46, 59-60, 81, 95, 117, 131-132, 138, 147, 150, 164, 167, 174, 192, 194, 197, 199, 201, 204, 231, 233, 237, 246, 253, 315, 323, 336, 338, 346（31张/5.454页；低于0.9T：单格均衡为优化项；当前分配优先满足整日容量与同卡不重复） | 计划：4-5, 38, 49-50, 86, 230, 232, 242-243, 247, 256, 264, 284, 460, 483, 501, 503, 512-513, 524, 528-529, 536, 538（25张/7.435页） | 32.001 |
| D17 | 2026-07-26 | 计划：11, 48, 52, 71-72, 85, 185, 216, 224, 232, 240, 381, 390, 398, 418-420, 468-469, 483, 496, 512, 522, 524, 534-535, 546, 549（28张/5.228页；低于0.9T：单格均衡为优化项；当前分配优先满足整日容量与同卡不重复） | 计划：18, 23, 46, 59, 133, 139, 161, 164, 201, 279, 312, 327, 373, 380, 383, 396, 412, 424, 431, 452, 458, 464, 479, 514, 516（25张/5.444页；低于0.9T：单格均衡为优化项；当前分配优先满足整日容量与同卡不重复） | 计划：56, 104, 122, 127, 143, 282, 301, 317, 323, 330, 338, 341, 345, 348, 351, 365, 392, 403, 408, 432, 441, 444, 447, 529（24张/5.999页） | 计划：28, 145, 151, 168-170, 176, 187-188, 193, 196, 207, 210, 239, 242, 247, 250, 255-259, 262, 264-265, 272, 291-292, 294, 300, 304, 342, 344, 349, 450, 477（36张/8.254页） | 计划：7, 9, 21-22, 35, 43, 68, 92, 94, 96, 98, 109, 125, 233, 318, 478, 532, 541, 553（19张/7.076页） | 32.001 |
| D18 | 2026-07-27 | 计划：33, 45, 47, 65, 94, 134, 142, 150, 157, 178, 191, 203, 237, 246, 273, 276, 297, 382, 407, 414, 433, 438, 471, 473, 485, 490, 507, 519-520（29张/6.061页） | 计划：26, 38, 50, 84, 99, 104, 107, 110, 112, 117, 128, 130, 141, 144, 160, 183, 275, 290, 391, 415, 423, 445, 454, 456, 504, 515, 517（27张/3.909页；低于0.9T：单格均衡为优化项；当前分配优先满足整日容量与同卡不重复） | 计划：19, 87, 115, 165, 206, 281, 283, 311, 314, 320, 325, 332, 337, 350, 359, 377, 390, 425, 437, 521, 530, 554, 556（23张/4.819页；低于0.9T：单格均衡为优化项；当前分配优先满足整日容量与同卡不重复） | 计划：20, 25, 61, 64, 74, 79, 83, 126, 129, 213, 241, 245, 251, 263, 280, 301, 308, 310, 326, 331, 457, 500, 527, 550（24张/3.726页；低于0.9T：单格均衡为优化项；当前分配优先满足整日容量与同卡不重复） | 计划：1, 18, 40, 54, 70, 72, 80, 91, 121, 231, 296, 298, 315, 342, 352, 446, 484, 525（18张/13.487页） | 32.002 |
| D19 | 2026-07-28 | 计划：36, 53, 90, 93, 104, 107, 110, 112, 117, 128, 141, 172, 183, 198, 257, 308, 328-329, 369, 372, 412, 432, 448, 454, 457, 465, 481, 484, 486-489, 491, 526, 530（35张/6.551页） | 计划：101, 148, 154, 206, 226, 309, 339, 361, 366, 382, 401, 408, 427, 433, 438, 441, 443-444, 449-450, 453, 455, 466, 471, 513（25张/6.211页） | 计划：61, 64, 74, 98, 129, 181, 211, 220, 227-228, 245, 285, 313, 324, 343-344, 355, 364, 374-375, 378, 396, 398, 405, 409-410, 413, 416-417, 439, 527, 539, 557（33张/7.430页） | 计划：14, 16-17, 114, 136-137, 157, 202, 229, 238, 270-271, 287, 296, 298, 306, 317, 330, 347, 475, 482, 493, 502, 510, 544（25张/7.782页） | 计划：29, 45, 66, 83, 89, 102, 108, 115, 223, 251, 255, 297, 353, 357（14张/4.025页；低于0.9T：单格均衡为优化项；当前分配优先满足整日容量与同卡不重复） | 31.999 |
| D20 | 2026-07-29 | 计划：10, 23, 27, 46, 57, 102, 184, 190, 192, 195, 205, 212, 318, 327, 350, 359, 371, 394, 434-435, 462, 472, 477-478, 497, 528-529, 538, 541, 553, 557（31张/6.282页） | 计划：2, 15, 51-52, 54, 98, 119, 135, 147, 151, 163, 317, 321, 370, 403, 418, 420, 448, 460, 467-468, 474, 480, 483, 494, 496, 512, 518（28张/6.505页） | 计划：30, 37, 131-132, 146, 168, 201, 222-223, 235, 243, 286-287, 319, 340, 354, 368, 376, 381, 389, 412, 424, 430, 440（24张/8.356页） | 计划：3-4, 31, 97, 127, 161, 178, 185, 200, 217, 221, 240, 244, 261, 276, 279, 282, 284, 341, 348, 406, 503（22张/6.248页） | 计划：8, 11, 28, 42, 44, 48, 59-60, 71, 78, 81, 85, 100, 103-104, 117, 122, 124, 241, 259, 278, 280, 295, 347, 356, 366, 404（27张/4.610页；低于0.9T：单格均衡为优化项；当前分配优先满足整日容量与同卡不重复） | 32.001 |
| D21 | 2026-07-30 | 计划：6, 13, 101, 121, 125, 148, 154, 164, 171, 206-207, 220, 226-227, 344, 361, 364, 374, 384, 401, 444, 453, 455, 464, 466, 492, 500, 527, 532, 536, 550, 554（32张/6.565页） | 计划：24, 89, 129, 165, 181, 224, 238, 245, 352, 355, 375, 377, 390, 397, 402, 410, 413, 416, 425, 457, 465, 469, 476, 481-482, 486, 488-489, 491, 493, 498, 501-502, 519（34张/8.809页） | 计划：33, 93, 136, 200, 202, 229, 271, 306, 327, 358, 360, 362, 411, 415, 427, 431, 433, 438, 443, 449, 545（21张/6.237页） | 计划：29, 175, 208, 214, 218-219, 223, 235, 324, 328, 334, 343（12张/3.648页；低于0.9T：单格均衡为优化项；当前分配优先满足整日容量与同卡不重复） | 计划：10, 15, 32, 34, 39, 41, 52, 56-57, 61, 64, 74, 76, 90, 97, 107, 110, 113, 123, 257, 263, 274, 291, 301, 308-309, 319, 329-330, 340, 391, 426, 437（33张/6.740页） | 31.999 |
| D22 | 2026-07-31 | 计划：41, 50, 61, 70, 114, 129, 137, 285, 320, 388, 395, 415, 417, 427, 445, 456, 515, 542, 552（19张/1.639页） | 计划：66, 74, 108, 115, 136, 175, 184, 195, 202, 213, 248, 332, 337, 442, 463, 509（16张/1.177页） | 计划：67, 119, 126, 218, 280, 293, 322, 334-335, 379, 555（11张/0.741页） | 计划：54, 82, 105-106, 116, 123, 305, 411, 499, 505（10张/0.650页） | 计划：14, 58, 118, 246, 299, 490, 498, 504, 531, 549（10张/0.746页） | 4.952 |
