# 合并场景14：跨任务包合并 4 张卡片

## 出现了什么意外

- D1、D2 全部完成。
- D3 前，把跨越原 P1/P2 任务包边界的当前 33-36 合并为一张父卡。

## 合并语义

- 子卡完成时序号：33-36
- 保留父卡当前序号：33
- 父卡有效页数：2.897712 页，等于 4 张子卡有效页数之和。
- 子卡身份保留在历史账本中，但生命周期变为 deleted，并指向保留父卡。
- 每个复习列只保留一个父卡 occurrence；已完成子卡历史不回写，未完成子卡 occurrence 全部取消。

## 验收结果

- 结论：通过
- 硬约束失败：0
- 无理由低负载单元格：0
- 无理由日总量偏差：0
- 锁定历史保持不变：是
- 父卡 occurrence：5/5
- 仍在未来计划中的子卡 occurrence：0
- 父卡超过7.04页时独占任务包：否
- 相同输入重放一致：是
- 最终计划日：D20

## 最终计划表

历史子卡直接标注“原序号…已合并至当前卡…”，未来计划只显示保留父卡的当前序号。

| 学习日 | 日期 | 新学 | 1日复习 | 3日复习 | 7日复习 | 15日复习 | 当日总页数 |
| --- | --- | --- | --- | --- | --- | --- | --- |
| D1（D1 全部完成） | 2026-07-10 | 实绩：1-34；原序号33-34已合并至当前卡33（34张/6.202页） | 实绩：560-597；其余当前序号557-594（38张/6.402页） | 实绩：490-516；其余当前序号487-513（27张/6.050页） | 实绩：394-413；其余当前序号391-410（20张/6.305页） | 实绩：166-207；其余当前序号163-204（42张/6.426页） | 31.385 |
| D2（D2 全部完成） | 2026-07-11 | 实绩：35-45；其余当前序号34-42；原序号35-36已合并至当前卡33（11张/6.554页） | 实绩：1-34；原序号33-34已合并至当前卡33（34张/6.202页） | 实绩：517-559；其余当前序号514-556（43张/6.300页） | 实绩：414-440；其余当前序号411-437（27张/6.285页） | 实绩：208-262；其余当前序号205-259（55张/6.523页） | 31.864 |
| D3（异常：跨原任务包合并卡33-36） | 2026-07-12 | 计划：44, 49, 59, 73, 82, 85, 99, 103, 126, 148, 153, 171, 202, 217, 221, 230, 252, 255, 257, 265, 271, 297, 299, 307, 319, 346, 349, 379, 387, 400, 509, 585（32张/7.949页） | 计划：45, 53, 56, 61, 94, 109, 135-136, 151, 154, 178, 180, 198, 294, 330, 333, 415, 443, 499, 526, 541, 556（22张/3.791页；低于0.9T：单格均衡为优化项；当前分配优先满足整日容量与同卡不重复） | 计划：5, 7, 17, 22, 30, 54, 58, 71, 80, 90, 111, 117, 124, 138, 166, 170, 190, 211, 256, 272, 287, 341, 358, 366, 374, 418, 424, 434, 468, 472, 575, 577, 580, 589-590（35张/6.661页） | 计划：3, 28, 47, 68, 92, 96, 172, 197, 201, 214, 231, 253, 280, 286, 323, 328, 377, 455, 457, 466, 476, 497-498, 504, 515, 538, 540, 553, 560, 578, 582（31张/6.119页） | 计划：12, 14, 266-267, 270, 274, 278, 306, 312, 316, 324, 339, 345, 351, 364, 378, 383, 403, 410, 419, 429, 444, 488, 517-518, 523（26张/7.481页） | 32.002 |
| D4 | 2026-07-13 | 计划：65, 76-77, 109, 111, 125, 150, 157, 170, 179, 192, 204, 228, 236, 249, 253, 287, 317, 324, 328, 354, 364, 375, 418, 424, 428, 435, 471, 487, 498, 503, 534-535（33张/5.543页；低于0.9T：单格均衡为优化项；当前分配优先满足整日容量与同卡不重复） | 计划：35, 47, 74, 84, 91, 95, 144, 165, 172, 199, 214, 222, 230-231, 251, 255, 265-266, 290, 306, 312, 356, 366, 396, 410, 419, 423, 429, 452, 539（30张/5.883页） | 计划：4, 6, 14, 20, 25-26, 29, 37, 67, 69, 89, 105, 114, 139, 185, 212, 271, 285, 307, 321, 335, 370, 376, 379, 387, 390, 463, 466, 565, 573-574, 593（32张/6.683页） | 计划：43, 54, 58, 70, 79-80, 101, 120, 126, 135, 166, 186-187, 191, 210, 243, 262, 300, 345-346, 353, 357, 530, 533, 581, 583, 592（27张/7.781页） | 计划：34, 36, 38, 49, 56, 108, 143, 147, 288, 294, 299, 309, 319, 340, 373, 401, 415, 430, 445, 492-493, 507, 519, 567（24张/6.113页） | 32.002 |
| D5 | 2026-07-14 | 计划：71, 90, 116, 122, 136, 146, 164, 177, 190, 218, 244, 288, 294, 333, 341, 385, 390, 426, 458, 463, 492, 583（22张/4.116页；低于0.9T：单格均衡为优化项；当前分配优先满足整日容量与同卡不重复） | 计划：54, 65, 76-77, 81, 99, 117, 124-125, 128, 153, 192, 201, 221, 228, 236, 249, 256, 262, 280, 300, 363, 373, 375, 384, 401, 445, 493, 498, 517, 519（31张/8.119页） | 计划：3, 38, 43, 47, 56-57, 59, 91, 94-95, 109, 151, 154, 165, 174, 178, 199, 204, 230, 253, 255, 278, 290, 299, 328, 362, 383, 403, 415, 441, 471, 559（32张/6.886页） | 计划：6, 25-26, 84, 105, 111, 113-114, 127, 134, 138-139, 170, 209, 211-212, 279, 285, 287, 312-313, 348, 379-380, 446, 462, 486, 488, 509, 513, 520, 523, 574-575, 580（35张/6.702页） | 计划：4, 80, 92, 96, 120, 272, 275, 291, 297, 308, 320, 336, 338, 346, 352, 366, 368, 400, 425, 434, 497, 512, 530, 565, 573, 593（26张/6.178页） | 32.002 |
| D6 | 2026-07-15 | 计划：45, 95, 140, 144, 172, 201, 214, 231, 306, 363, 373, 401, 403, 410, 419, 423, 445, 462, 493, 499, 501, 518, 539, 552, 554, 567, 586（27张/5.150页；低于0.9T：单格均衡为优化项；当前分配优先满足整日容量与同卡不重复） | 计划：49, 80, 105, 114, 138-139, 166, 174, 191, 204, 253, 278, 283, 291, 307, 317, 328, 335, 340, 352, 364, 369, 379, 383, 468, 471, 488, 503, 508, 515, 528, 534-535（33张/6.253页） | 计划：53, 61, 74, 84-85, 96, 101, 120, 126, 169, 243, 246, 265, 286, 312, 319, 345-346, 356, 378, 396, 416, 447-448, 452, 465（26张/5.532页；低于0.9T：单格均衡为优化项；当前分配优先满足整日容量与同卡不重复） | 计划：4, 17, 37, 67, 69, 89, 108, 143, 147, 167, 223, 239, 245, 272, 281, 302, 321, 324, 349, 351, 370, 376, 384, 511, 519, 526, 541, 565, 573, 593（30张/6.421页） | 计划：5, 15, 23, 43, 54, 57-58, 63, 70, 79, 106, 152, 160, 287, 296, 354, 361, 375, 418, 424, 426, 435, 466, 487, 498, 538, 581-583, 587（30张/8.647页） | 32.002 |
| D7 | 2026-07-16 | 计划：54, 83, 94, 137, 151, 154, 178, 195, 225-226, 263, 272, 296, 339-340, 368, 415, 454, 466, 512, 515-516, 519, 528, 573, 581, 593（27张/6.381页） | 计划：43, 71, 82, 90, 111, 170, 185, 190, 211, 217, 252, 257, 284, 287-288, 324, 341, 345, 385, 390, 393, 400, 418, 424, 426, 434, 458, 463-464, 472, 492, 523, 538（33张/6.977页） | 计划：49, 65, 76, 136, 172, 192, 201, 214, 228, 231, 236, 249, 266, 280, 294, 300, 330, 333, 351, 363, 373, 401, 417, 423, 429, 435, 467, 560, 578, 588（30张/6.180页） | 计划：14, 38, 56, 59, 74, 85-86, 95, 168, 174-175, 204, 238, 256, 271, 278, 290, 299, 319, 335, 356, 383, 387, 517-518, 525, 550, 559, 576（29张/6.694页） | 计划：25, 28, 47, 69, 84, 101, 105, 114, 126, 134-135, 138, 295, 349, 355, 388, 398, 405, 407, 509, 513, 520, 526, 533, 541, 553, 574（27张/5.770页） | 32.002 |
| D8 | 2026-07-17 | 计划：43, 53, 61, 112, 128, 162, 176, 183, 191, 208, 215, 220, 224, 232, 242, 254, 266, 274, 320, 336, 338, 345, 351, 378, 383, 405, 407, 429, 434, 444, 472, 488, 497, 506, 513（35张/9.112页） | 计划：37, 59, 85, 97, 126, 137, 141-142, 149, 164, 171, 177, 195, 200, 202, 218, 271-272, 299, 319, 339, 346, 349, 355, 387, 403-404, 428, 454, 509, 512, 518, 520, 533, 553（35张/8.564页） | 计划：52, 55, 73, 82, 135, 153, 198, 217, 221, 252, 281, 332, 440, 456, 458, 582（16张/3.916页；低于0.9T：单格均衡为优化项；当前分配优先满足整日容量与同卡不重复） | 计划：5, 7, 65, 71, 76, 90-91, 94, 109, 117, 136, 151, 230, 249, 333, 358, 362-363, 366, 373, 375, 385, 389-390, 487, 522, 546-547, 551, 569, 577, 590（32张/6.241页） | 计划：22, 26, 95, 127, 263, 265, 307, 321-322, 334, 357, 369, 382, 414, 432, 483, 504, 515, 525, 537, 550, 552, 559, 564, 575, 578, 580, 592（28张/4.168页；低于0.9T：单格均衡为优化项；当前分配优先满足整日容量与同卡不重复） | 32.002 |
| D9 | 2026-07-18 | 计划：56, 70, 141, 185, 200, 216, 237, 247-248, 275, 278, 280, 291, 300, 308, 352, 355, 366, 369, 372, 388, 393, 414, 425, 432, 450, 483, 517, 520, 523, 533, 538, 553, 574-575, 587（36张/7.577页） | 计划：38, 73, 146, 150, 184, 208, 242, 244, 254, 336, 338, 342, 351, 354, 374, 378, 407, 435, 466, 487, 497, 501, 506, 513, 525, 530, 552（27张/5.002页；低于0.9T：单格均衡为优化项；当前分配优先满足整日容量与同卡不重复） | 计划：125, 134, 142, 149, 164, 171, 177, 180, 191, 195, 197, 202, 218, 262, 324, 339, 349, 375, 384-385, 404, 410, 428, 454, 464, 569（26张/5.287页；低于0.9T：单格均衡为优化项；当前分配优先满足整日容量与同卡不重复） | 计划：11, 22, 49, 57, 63, 82, 124, 158, 165, 178, 189-190, 217, 221, 228, 252, 255, 307, 330, 332, 341, 438, 444, 469, 512, 543（26张/5.442页；低于0.9T：单格均衡为优化项；当前分配优先满足整日容量与同卡不重复） | 计划：3, 39, 41-42, 59, 64-65, 68, 71, 76, 86, 90-91, 94, 109, 111, 113, 117, 151, 325, 363, 390, 436, 458, 462-463, 476, 486, 546-547, 577（31张/8.694页） | 32.002 |
| D10 | 2026-07-19 | 计划：62, 79, 93, 104, 115, 132, 145, 155-156, 163, 199, 235, 259, 267, 270, 309, 325, 334, 357, 361, 382, 398, 411, 430, 436, 476, 486, 504, 507, 525, 541, 556, 559, 564, 578, 580, 582, 592（38张/7.241页） | 计划：44, 88, 103, 112, 162, 183, 215, 220, 224, 232, 274-275, 296, 308, 320, 372, 386, 388, 414, 444, 462, 542, 546-547, 550（25张/5.934页） | 计划：35, 45, 75, 77, 83, 92, 97, 99, 116, 128, 141, 184, 194, 200, 242, 244, 251, 254, 257, 291, 297, 306, 336, 338, 340, 352, 355, 364, 368, 407, 419, 443, 571, 584, 591（35张/8.207页） | 计划：20, 52-53, 55, 61, 73, 125, 142, 149, 153, 164, 171, 177, 185, 195, 198, 202, 265-266, 294, 339, 481, 485, 496, 510, 535, 548, 589（28张/6.086页） | 计划：11, 17, 37, 82, 85, 158-159, 310-311, 327, 393, 438, 455, 457, 469, 511, 522, 551, 569, 590（20张/4.742页；低于0.9T：单格均衡为优化项；当前分配优先满足整日容量与同卡不重复） | 32.209 |
| D11 | 2026-07-20 | 计划：47, 74, 80, 84, 88, 105, 107, 110, 121, 138-139, 166, 174, 222, 251, 261, 273, 293, 310, 312, 321, 326, 335, 337, 353, 370, 376, 409, 416, 420, 438, 475（32张/6.215页） | 计划：60, 67, 69, 89, 96, 101, 116, 120, 131, 169, 196, 243, 246, 258, 263, 286, 302, 311, 316, 325, 347, 361, 368, 450, 510-511（26张/6.652页） | 计划：21, 70, 79, 132, 143, 145, 147, 152, 155, 160, 167, 181, 183, 210, 223, 233-234, 239, 250, 296, 309, 357, 398, 430, 581, 583（26张/4.050页；低于0.9T：单格均衡为优化项；当前分配优先满足整日容量与同卡不重复） | 计划：1, 15-16, 23, 33, 62, 93, 98, 103-104, 106, 115, 163, 352, 364, 378, 388, 445, 460-461, 482, 492-493, 499, 503, 507-508, 514, 532, 539, 554, 567, 572, 586-587, 594（36张/9.814页） | 计划：35, 45, 77, 83, 260, 289, 317, 328, 356, 365, 395-396, 408, 411, 413, 442, 448, 451-452, 465, 468, 471, 485, 500, 527, 549, 557（27张/8.468页） | 35.198 |
| D12 | 2026-07-21 | 计划：60, 101, 152, 160, 169, 181, 196, 233-234, 243, 311, 316, 318, 347, 455, 457, 485, 510, 530, 547, 569, 594（22张/4.990页；低于0.9T：单格均衡为优化项；当前分配优先满足整日容量与同卡不重复） | 计划：50, 79, 104, 130, 132, 143, 145, 147, 155, 163, 223, 235, 239, 267, 309, 327, 334, 357, 382, 398, 413, 430, 436, 438, 476, 483, 486, 504, 522, 551（30张/5.852页） | 计划：1, 15, 18, 24, 33, 62, 93, 98, 103, 106, 115, 162, 215, 220, 259, 274, 310, 361, 372, 386, 414, 444, 462, 568, 572, 576, 586（27张/7.067页） | 计划：13, 30, 35, 44-45, 75, 77, 83, 88, 112, 141, 154, 180, 184, 194, 200, 244, 258, 275, 297, 308, 336, 338, 340, 355, 439, 442, 448, 451, 465, 489, 500, 527, 549, 557, 561, 571, 584, 591（39张/10.117页） | 计划：6, 52, 55, 61, 73, 87, 116, 119, 125, 142, 161, 261, 273, 276, 284, 302, 315, 326, 335, 337, 353, 376, 381, 406, 409, 433, 514, 548, 589（29张/7.172页） | 35.199 |
| D13 | 2026-07-22 | 计划：50, 67, 69, 89, 96, 120, 130, 143, 147, 205, 223, 239, 246, 258, 283, 289, 327, 356, 396, 442, 448, 451, 465, 500, 522, 526, 550, 557, 577（29张/5.669页；低于0.9T：单格均衡为优化项；当前分配优先满足整日容量与同卡不重复） | 计划：33, 70, 93, 106, 115, 167, 210, 226, 250, 297, 321, 353, 370, 376, 395, 409, 411, 416, 420, 431-432, 457, 475, 485, 507, 514, 527, 548-549（29张/7.765页） | 计划：16, 23, 44, 88, 112, 121, 131, 196, 261, 267, 302, 304, 316, 325-326, 342, 347, 354, 438, 450, 567, 587, 594（23张/7.509页） | 计划：24, 97, 116, 145, 152, 155, 160, 162, 181, 183, 224, 232-235, 251, 259, 263, 274, 282, 296, 303, 310, 320, 361, 368, 372, 452, 468, 471, 537, 562（32张/5.407页；低于0.9T：单格均衡为优化项；当前分配优先满足整日容量与同卡不重复） | 计划：1, 13, 53, 62, 98, 118, 124, 128, 154, 292-293, 333, 367, 397, 402, 423, 428, 439, 449, 460-461, 496, 499, 501, 503, 508, 532, 539, 545, 554, 560, 572, 586, 591（34张/8.849页） | 35.198 |
| D14 | 2026-07-23 | 计划：57, 63, 68, 75, 86, 102, 119, 123, 127, 187, 189, 193-194, 206, 211, 238, 292, 301, 303, 313, 315, 322-323, 348, 358, 360, 377, 412, 433, 449, 456, 473-474, 481, 514, 532, 561, 571（38张/11.817页） | 计划：51, 64, 100, 110, 118, 140, 148, 156, 161, 203, 209, 219, 260, 268, 273, 281, 295, 337, 359, 367, 402, 439, 461（23张/5.054页；低于0.9T：单格均衡为优化项；当前分配优先满足整日容量与同卡不重复） | 计划：34, 39, 48, 129, 146, 158, 173, 176, 213, 216, 225, 240-241, 247, 288, 293, 298, 311, 314, 318, 329, 344, 395, 400, 451, 563, 579（27张/5.432页；低于0.9T：单格均衡为优化项；当前分配优先满足整日容量与同卡不重复） | 计划：10, 27, 46, 78, 81, 87, 107, 122, 144, 150, 207, 326, 334, 365, 447, 459, 490, 494, 542, 566, 570, 588（22张/5.182页；低于0.9T：单格均衡为优化项；当前分配优先满足整日容量与同卡不重复） | 计划：74, 282, 290, 305, 362, 371, 385, 387, 391, 399, 404, 417, 421-422, 427, 441, 443, 453, 467, 470, 475, 477-480, 482, 491, 495, 502, 505, 516, 521, 524, 531, 540, 543, 555, 584（38张/7.714页） | 35.198 |
| D15 | 2026-07-24 | 计划：78, 87, 100, 117-118, 135, 149, 161, 188, 203, 260, 329, 343-344, 359, 374, 384, 391, 397, 399, 404, 422, 431, 441, 446-447, 470, 489-490, 502, 565（31张/6.851页） | 计划：57, 98, 123, 134, 173, 176, 197, 205, 207, 213, 240-241, 276, 332, 350, 358, 380, 389, 412, 425, 433, 449, 505, 544（24张/6.421页） | 计划：9, 27, 46, 60, 63, 66, 72, 107, 113, 122, 144, 150, 187, 237-238, 248, 270, 295, 313, 315, 323, 331, 393-394, 405, 439, 453, 469, 558, 566, 570（31张/7.721页） | 计划：2, 8, 29, 34, 36, 42, 64, 132, 137, 157, 159, 193, 216, 225, 229, 247, 257, 261, 268-269, 301, 318, 327, 458, 463, 467, 474-475, 477-480, 495, 516, 521, 524, 531, 555, 564（39张/9.314页） | 计划：21, 40, 133, 139, 264, 271, 279, 281, 300, 303, 314, 450, 454, 456, 472-473, 484, 529, 556, 563, 576, 585, 588（23张/4.892页；低于0.9T：单格均衡为优化项；当前分配优先满足整日容量与同卡不重复） | 35.198 |
| D16 | 2026-07-25 | 计划：48, 58, 91-92, 159, 165, 180, 207, 212, 229, 245, 285, 304, 331, 389, 440, 467, 469, 484, 495, 543, 546, 563（23张/4.188页；低于0.9T：单格均衡为优化项；当前分配优先满足整日容量与同卡不重复） | 计划：34, 39, 42, 46, 66, 68, 72, 108, 133, 157, 168, 175, 227, 237, 269, 282, 298, 301, 305, 314, 318, 362, 371, 391-392, 394, 408, 421, 427, 437, 446-447, 451, 459, 478-479, 489-490, 532, 540, 545（41张/13.941页） | 计划：2, 8, 11, 28, 36, 86, 102, 119, 127, 179, 193, 206, 277, 289, 303, 317, 322, 337, 343, 348, 350, 360, 365, 382, 433, 442（26张/6.385页） | 计划：18, 32, 50-51, 99-100, 110, 118, 121, 129-131, 140, 146, 148, 156, 161, 182, 203, 208, 219, 250, 264, 270, 292-293, 295, 315, 347, 381, 450, 456, 470, 473, 506, 528-529, 534（38张/7.771页） | 计划：31, 81, 329, 344, 359, 372, 374, 380, 412, 416, 464, 481, 494, 536, 544, 562, 566, 568, 570, 579（20张/2.912页；低于0.9T：单格均衡为优化项；当前分配优先满足整日容量与同卡不重复） | 35.198 |
| D17 | 2026-07-26 | 计划：51, 98, 173, 186, 198, 209, 213, 240-241, 264, 268, 286, 298, 330, 332, 342, 350, 365, 386, 394, 427, 437, 443, 453, 459-460, 464, 477-478, 480, 482, 544, 568（33张/8.105页） | 计划：52, 55, 107, 113, 122, 129, 158, 188, 225, 238, 247, 279, 285, 313, 323, 329, 331, 344, 397, 399, 417, 422, 441, 470, 473, 481, 484, 496, 502, 524, 529, 536-537, 555（34张/5.074页；低于0.9T：单格均衡为优化项；当前分配优先满足整日容量与同卡不重复） | 计划：10, 31, 40-41, 50, 64, 68, 78, 87, 123, 130, 133, 157, 159, 189, 205, 229, 245, 269, 273, 282, 292, 305, 359, 367, 369, 371, 377, 380-381, 389, 392, 406, 412, 421, 425, 474, 564, 592（39张/11.610页） | 计划：12, 60, 102, 119, 169, 179, 192, 199, 222, 226-227, 260, 276-277, 283-284, 343, 454, 472, 483, 491, 505, 552, 556, 558, 585（26张/4.512页；低于0.9T：单格均衡为优化项；当前分配优先满足整日容量与同卡不重复） | 计划：9, 19, 46, 48, 66-67, 72, 132, 144, 150, 301, 358, 360, 379, 440, 561（16张/5.897页） | 35.198 |
| D18 | 2026-07-27 | 计划：81, 106, 114, 124, 131, 167, 182, 210, 250, 276, 284, 302, 367, 381, 395, 402, 406, 408, 413, 439, 452, 461, 468, 496, 508, 511, 527, 542, 548-549, 551, 560, 572, 589-591（36张/7.691页） | 计划：62, 83, 121, 152, 160, 181, 233-234, 259, 261, 293, 310, 326, 405, 442, 448, 455, 465, 500, 554（20张/5.194页；低于0.9T：单格均衡为优化项；当前分配优先满足整日容量与同卡不重复） | 计划：13, 19, 104, 137, 163, 224, 232, 235, 258, 263, 275, 279, 308, 320, 327, 334, 353, 388, 409, 411, 420, 431-432, 436, 445, 457, 475-476, 483, 485-486, 557, 561-562（34张/7.724页） | 计划：128, 196, 215, 220, 236, 242, 254, 267, 291, 304, 306, 309, 316, 325, 342, 354, 374, 386, 449, 501, 545, 568（22张/5.616页；低于0.9T：单格均衡为优化项；当前分配优先满足整日容量与同卡不重复） | 计划：7, 16, 20, 24, 30, 33, 44, 51, 75, 88, 93, 97, 103, 112, 115, 136, 141, 145, 149, 153, 155, 162, 277, 283, 318, 341, 343, 347, 370, 446, 489, 510, 535, 571, 594（35张/8.973页） | 35.198 |
| D19 | 2026-07-28 | 计划：46, 66, 72, 108, 129, 133, 142, 168, 175, 184, 227, 256, 262, 269, 282, 290, 295, 305, 362, 371, 392, 417, 421, 494, 505, 521, 531, 540, 545, 558, 562, 566, 570（33张/8.073页） | 计划：36, 40-41, 75, 86, 102, 119, 127, 179, 189, 193-194, 206, 248, 270, 277, 289, 292, 303, 315, 322, 348, 360, 365, 377, 381, 406, 453, 467, 469, 474, 480, 491, 495, 543（35张/9.915页） | 计划：12, 32, 51, 81, 100, 110, 118, 140, 148, 156, 161, 182, 186, 203, 208-209, 219, 260, 264, 268, 399, 402, 408, 413, 422, 427, 449, 460-461, 477-479, 482（33张/6.561页） | 计划：39, 48, 173, 176, 188, 213, 240-241, 288, 298, 314, 317, 337, 367, 382, 440, 464, 484, 536, 544, 563, 579（22张/4.148页；低于0.9T：单格均衡为优化项；当前分配优先满足整日容量与同卡不重复） | 计划：10, 27, 50, 78, 89, 107, 121-123, 130-131, 146, 285, 304, 331, 350, 389, 394, 420, 431, 437, 447, 459, 490, 542（25张/6.502页） | 35.199 |
| D20 | 2026-07-29 | 计划：52, 55, 64, 97, 113, 134, 158, 197, 219, 277, 279, 281, 314, 380, 479, 491, 524, 529, 536-537, 555, 576, 579, 584, 588（25张/4.575页） | 计划：48, 58, 63, 78, 87, 92, 159, 182, 186-187, 212, 216, 229, 245, 264, 304, 343, 440, 456, 460, 477, 482, 494, 516, 521, 531（26张/6.461页） | 计划：42, 108, 168, 175, 188, 207, 222, 226-227, 276, 283-284, 301, 391, 397, 426, 437, 446, 455, 459, 470, 473, 480-481, 484, 585（26张/8.241页） | 计划：9, 19, 21, 31, 40-41, 66, 72, 123, 133, 205-206, 218, 237, 246, 248, 273, 289, 305, 311, 322, 329, 331, 344, 350, 359-360, 369, 371, 441, 443, 453, 502（33张/8.043页） | 计划：2, 8, 18, 29, 32, 60, 99-100, 102, 104, 110, 129, 137, 140, 148, 156-157, 262, 268-269, 280, 286, 298, 313, 323, 330, 332, 342, 348, 377, 384, 386, 392, 474, 506, 528, 534, 558（38张/7.879页） | 35.198 |
