# 合并场景16：合并未学卡形成约 10 页父卡

## 出现了什么意外

- D1、D2 全部完成。
- D3 前，把当前 46-64 共 19 张未学习子卡合并，形成超过 7.04 页软上限的父卡。

## 合并语义

- 子卡完成时序号：46-64
- 保留父卡当前序号：46
- 父卡有效页数：10.223448 页，等于 19 张子卡有效页数之和。
- 子卡身份保留在历史账本中，但生命周期变为 deleted，并指向保留父卡。
- 每个复习列只保留一个父卡 occurrence；已完成子卡历史不回写，未完成子卡 occurrence 全部取消。

## 验收结果

- 结论：未通过
- 硬约束失败：0
- 无理由低负载单元格：0
- 无理由日总量偏差：0
- 锁定历史保持不变：是
- 父卡 occurrence：5/5
- 仍在未来计划中的子卡 occurrence：0
- 父卡超过7.04页时独占任务包：否
- 相同输入重放一致：是
- 最终计划日：D20

## 最终计划表

历史子卡直接标注“原序号…已合并至当前卡…”，未来计划只显示保留父卡的当前序号。

| 学习日 | 日期 | 新学 | 1日复习 | 3日复习 | 7日复习 | 15日复习 | 当日总页数 |
| --- | --- | --- | --- | --- | --- | --- | --- |
| D1（D1 全部完成） | 2026-07-10 | 实绩：1-34（34张/6.202页） | 实绩：560-597；其余当前序号542-579（38张/6.402页） | 实绩：490-516；其余当前序号472-498（27张/6.050页） | 实绩：394-413；其余当前序号376-395（20张/6.305页） | 实绩：166-207；其余当前序号148-189（42张/6.426页） | 31.385 |
| D2（D2 全部完成） | 2026-07-11 | 实绩：35-45（11张/6.554页） | 实绩：1-34（34张/6.202页） | 实绩：517-559；其余当前序号499-541（43张/6.300页） | 实绩：414-440；其余当前序号396-422（27张/6.285页） | 实绩：208-262；其余当前序号190-244（55张/6.523页） | 31.864 |
| D3（异常：原卡46-64合并为约10页父卡） | 2026-07-12 | 计划：65, 162, 185, 197, 215, 240, 305, 342, 347, 360, 367, 412, 423, 426-427, 429, 460, 463, 467, 493, 524, 536, 560（23张/3.336页；低于0.9T：单格均衡为优化项；当前分配优先满足整日容量与同卡不重复） | 计划：40, 43, 49, 76-77, 103, 109, 127, 144, 146-147, 178, 219, 227, 244, 246, 254, 288-289, 298, 312, 330, 332-333, 346, 374, 407, 416, 446, 462, 492, 495, 504-505, 512, 529, 538（37张/8.708页） | 计划：25, 35, 60, 78, 95-96, 98, 126, 170, 202, 216, 238, 253, 277, 281, 295, 313, 338, 371, 440, 443, 554, 556, 559, 563, 573（26张/5.392页；低于0.9T：单格均衡为优化项；当前分配优先满足整日容量与同卡不重复） | 计划：13-14, 47, 73, 91, 97, 130, 142, 157-158, 179, 195, 200, 220, 223, 232, 236, 250, 319, 424, 432, 445, 470, 517, 531, 535, 566, 578-579（29张/7.194页） | 计划：6, 26, 64, 66, 72, 100-102, 129, 245, 257-259, 261, 300, 356, 380, 398, 436, 439, 464, 468, 487, 496, 499, 510, 520, 558, 577（29张/7.372页） | 32.002 |
| D4 | 2026-07-13 | 计划：52, 81, 109, 118, 137, 140, 156, 166, 172, 182, 192, 199, 207, 235, 238, 258, 260, 263, 278, 284, 291, 293, 313, 328, 356, 387, 430, 437, 439-440, 464, 468, 503, 506, 512, 529（36张/7.928页） | 计划：42, 44-45, 162, 181, 195, 197, 231, 319, 347, 349, 354, 365, 412, 420, 438, 451, 460, 463, 472, 483, 493, 510, 520, 540（25张/6.005页） | 计划：5, 16, 24, 30-31, 34, 64, 70, 76-77, 103-104, 144, 146-147, 213, 219, 227, 250, 288-289, 297, 331, 333, 379, 396, 407, 416, 425, 450, 462, 553, 566, 572（34张/7.509页） | 计划：32, 66, 75, 92, 95-96, 98, 106, 126, 202, 216, 268, 295, 338, 423, 431, 453, 459, 467, 542, 552, 559, 571（23张/4.077页；低于0.9T：单格均衡为优化项；当前分配优先满足整日容量与同卡不重复） | 计划：14, 17, 41, 78, 91, 135, 138, 142, 277, 281, 283, 285, 302, 306, 323, 348, 377, 395, 406, 421, 444, 469, 494, 524, 536, 544, 578（27张/6.487页） | 32.005 |
| D5 | 2026-07-14 | 计划：58, 67, 92, 131, 133, 153, 160-161, 163-164, 203, 211, 226, 250, 302, 306, 327, 346, 395, 410, 433-434, 451, 481, 510, 520, 540, 571, 577-578（30张/3.992页；低于0.9T：单格均衡为优化项；当前分配优先满足整日容量与同卡不重复） | 计划：52-55, 59, 65, 70, 74, 81, 135, 156, 199, 208, 215, 222, 240, 245, 261, 265, 328, 331, 342, 387, 409, 424, 437, 439, 464, 467-468, 484, 498（32张/7.533页） | 计划：11-12, 49, 118, 127, 178, 187, 290, 294, 345, 365, 374, 377, 406, 412, 444, 542（17张/5.966页） | 计划：5, 10, 16, 30, 41, 76-77, 103, 144, 147, 155, 166, 172, 174, 182, 258, 284, 288-289, 312, 321, 329, 351-352, 354, 362, 368, 472, 478, 489, 518, 522-523, 528, 537, 563, 573（37张/7.553页） | 计划：35, 90, 95, 98, 106, 126, 254, 260, 263, 278, 291-293, 299, 301, 340, 357, 381, 386, 394, 401, 413, 419, 429, 443, 459, 552, 559（28张/6.958页） | 32.001 |
| D6 | 2026-07-15 | 计划：56, 123-124, 139, 141, 145, 151, 165, 167, 175, 190, 217, 294, 301, 366, 386, 391-392, 401, 432, 436, 443-444, 489, 499（25张/5.638页；低于0.9T：单格均衡为优化项；当前分配优先满足整日容量与同卡不重复） | 计划：58, 67, 83, 92, 99, 105, 133, 153, 160-161, 163-164, 169, 185, 203, 226, 352, 357, 363, 395, 433, 448, 523, 528（24张/3.521页；低于0.9T：单格均衡为优化项；当前分配优先满足整日容量与同卡不重复） | 计划：4, 23, 39, 44, 53, 65, 81, 116, 135, 143, 154, 199, 208, 240, 260, 266, 274, 292-293, 298, 327, 330, 332, 349, 409, 430, 434, 446, 463-464, 551, 557, 567, 574, 576（35张/8.041页） | 计划：54, 59-60, 118, 127, 146, 170, 228, 254, 281, 290, 342, 345, 373-374, 435, 442, 455-456, 504, 533, 539, 541, 554, 556（25张/5.968页） | 计划：11, 47, 76, 86, 96, 103, 111, 250, 262, 265, 284, 308, 310, 316, 325-326, 339, 353, 355, 359, 361, 369, 396, 403, 408, 410, 428, 431, 470, 474, 478, 530, 537, 563, 573（35张/8.835页） | 32.003 |
| D7 | 2026-07-16 | 计划：83, 99, 105, 121, 148, 155, 159, 170, 183-184, 188, 206, 265, 283, 290, 299, 310, 316, 323, 326, 348, 355, 359, 361, 377, 381, 399, 406, 419, 428, 431, 461, 470, 478, 483, 500, 538, 558（38张/8.338页） | 计划：47, 84, 89, 118, 124, 139, 141, 151, 166, 217, 281, 285, 294, 318, 386, 410, 427, 432, 444, 489, 503, 537（22张/4.863页；低于0.9T：单格均衡为优化项；当前分配优先满足整日容量与同卡不重复） | 计划：17, 22, 88, 92, 133, 150, 153, 156, 160-164, 172, 181-182, 185, 197, 226, 258, 261, 284, 328, 347, 352, 368, 395, 402, 420, 448, 460, 468（32张/6.885页） | 计划：24-25, 31, 44, 53, 65, 81, 104, 135, 192, 199, 238, 240, 253, 274, 291, 298, 304, 308, 313, 327, 330, 333, 349, 371, 443, 480, 492, 551, 557, 574, 576（32张/7.195页） | 计划：16, 54, 59-60, 77, 119, 127, 332, 346, 365, 385, 435, 442, 495, 531, 535, 541, 554, 556, 567, 575（21张/4.723页；低于0.9T：单格均衡为优化项；当前分配优先满足整日容量与同卡不重复） | 32.005 |
| D8 | 2026-07-17 | 计划：53, 74, 84, 89, 169, 193, 205, 221, 259, 281, 285, 292, 349, 357, 394, 459, 487, 505, 511, 559, 564, 575（22张/4.461页；低于0.9T：单格均衡为优化项；当前分配优先满足整日容量与同卡不重复） | 计划：35, 143, 148, 172, 182-184, 188, 206, 235, 250, 258, 260, 278, 283-284, 290-291, 293, 299, 306, 316, 323, 327, 348, 355, 360, 377, 379, 381, 399, 406, 419, 426, 429, 461, 478, 481, 494, 535（40张/11.203页） | 计划：45, 52, 54, 59, 83, 105, 139, 141, 151, 166, 217, 342, 380, 387, 410, 418, 438-439, 441, 451, 467（21张/4.281页；低于0.9T：单格均衡为优化项；当前分配优先满足整日容量与同卡不重复） | 计划：4, 11-12, 22, 34, 49, 70, 78, 88, 133, 150, 153, 156, 160-161, 163-165, 178, 181, 185, 187, 191, 197, 208, 213, 261, 294, 328, 331, 347, 365, 444, 567, 570（35张/7.826页） | 计划：5, 10, 24, 30-32, 65, 81, 97, 104, 130, 136, 144, 147, 389, 409, 417, 420, 423, 432, 453, 472, 489, 528, 533, 542（26张/4.231页；低于0.9T：单格均衡为优化项；当前分配优先满足整日容量与同卡不重复） | 32.002 |
| D9 | 2026-07-18 | 计划：49, 76-77, 103, 127, 144, 146-147, 178, 219, 227, 231, 244-245, 254, 277, 288-289, 298, 303, 312, 330, 332-333, 374, 380, 407, 416, 446, 462, 484, 492, 494-495, 534, 539, 544（37张/7.981页） | 计划：78, 95-96, 98, 126, 170, 187, 216, 238, 295, 313, 338, 423, 430, 440, 443, 450, 470, 524, 536（20张/4.422页；低于0.9T：单格均衡为优化项；当前分配优先满足整日容量与同卡不重复） | 计划：13-14, 47, 73, 91, 97, 130, 142, 157-158, 195, 200, 220, 223, 232, 236, 246, 265, 278, 285, 319, 346, 354, 403, 578-579（26张/6.300页） | 计划：6, 26, 35, 45, 64, 72, 100-102, 129, 189, 233-234, 239, 241, 260, 267, 280, 287, 293, 297, 326, 341, 353, 436, 439, 464, 468, 487, 496, 499, 510, 520, 558, 575, 577（36张/7.458页） | 计划：56, 75, 113, 305, 311, 342, 347, 360, 367, 412, 424, 426-427, 433, 460, 463, 467, 493, 504-505, 512, 529, 538, 560, 571（25张/5.842页） | 32.002 |
| D10 | 2026-07-19 | 计划：47, 78, 95-96, 98, 126, 187, 195, 208, 216, 269, 311, 319, 338, 354, 420, 424, 450, 472, 496, 508, 522, 542, 563, 567-568, 570（27张/5.635页；低于0.9T：单格均衡为优化项；当前分配优先满足整日容量与同卡不重复） | 计划：39, 64, 73, 91, 97, 130, 142, 157-158, 200, 220, 232, 236, 242, 274, 277, 292, 297, 310, 380, 403, 434, 485, 499, 534, 539（26张/5.494页；低于0.9T：单格均衡为优化项；当前分配优先满足整日容量与同卡不重复） | 计划：6, 72, 75, 100-102, 129, 189, 233-234, 241, 254, 267-268, 280, 287, 291, 326, 341, 353, 360, 419, 423, 426, 470, 558, 571, 575, 577（29张/6.224页） | 计划：56, 196, 198, 205, 246, 252, 265, 271, 278-279, 285, 315, 317, 344, 346, 427, 433, 460, 463, 469, 493-495, 505, 512, 524, 536, 538, 544, 560（30张/5.963页） | 计划：1, 13, 15, 19, 21, 36, 44-45, 48, 70, 107, 289-290, 303, 312-313, 322, 330, 404, 407, 416, 430, 440, 445-446, 462, 483-484, 492, 503, 517, 523（32张/8.687页） | 32.002 |
| D11 | 2026-07-20 | 计划：64, 73, 91, 97, 130, 142, 157, 177, 181, 200, 220, 232, 236, 242, 247, 297, 345, 382, 384, 403, 447, 485, 507, 509, 515, 521, 530, 546（28张/4.927页；低于0.9T：单格均衡为优化项；当前分配优先满足整日容量与同卡不重复） | 计划：41, 100-102, 119, 129, 189, 223, 241, 257, 268, 280, 287, 341, 353, 396, 475, 479, 490, 506, 508, 522（22张/4.592页；低于0.9T：单格均衡为优化项；当前分配优先满足整日容量与同卡不重复） | 计划：26, 56, 106, 112-113, 117, 196, 198, 239, 245, 252, 279, 296, 310-311, 315, 322, 336, 343, 370, 373, 375, 385, 389, 392-393, 411, 414, 560（29张/8.669页） | 计划：1, 15, 19, 21, 36, 40, 48, 107, 169, 171, 173, 175, 180, 194, 204, 210, 214, 218, 229, 237, 263-264, 270, 273, 276, 324, 337, 357, 363, 430, 440, 452, 454, 462, 465, 514, 547（37张/8.027页） | 计划：28, 33-34, 37, 55, 74, 87, 89, 94, 116, 131, 134, 143, 145, 288, 304, 319, 327, 331, 338, 351, 354, 374, 425, 448, 497, 534, 539, 568, 570（30张/7.738页） | 33.953 |
| D12 | 2026-07-21 | 计划：62, 90, 94, 117, 129, 135-136, 143, 168, 171, 174, 248, 252, 255, 267, 282, 309, 317, 320, 325, 335, 340, 362, 364, 369, 372, 398, 404, 552, 554（30张/7.025页） | 计划：51, 57, 60, 79, 82, 87, 104, 108, 110-111, 120, 128, 134, 150, 159, 176, 179, 193, 198, 249, 256, 262, 270-272, 275, 302, 305, 307, 321, 329, 361, 367, 397, 445, 469, 496, 531（38张/7.105页） | 计划：8, 18, 61, 132, 152, 173, 186, 190, 204, 224, 228, 235, 242, 244, 358, 544, 570（17张/2.827页；低于0.9T：单格均衡为优化项；当前分配优先满足整日容量与同卡不重复） | 计划：27, 38-39, 46, 63, 68-69, 80, 84, 86, 93, 125, 219, 336, 449, 466, 471, 477, 479, 482, 491, 516, 526, 543, 548-549, 553, 555, 562（29张/14.021页） | 计划：266, 269, 296, 318, 334, 343, 375, 383, 400, 402, 411, 441, 452, 455, 457-458, 476, 486, 518, 550, 566, 579（22张/4.219页；低于0.9T：单格均衡为优化项；当前分配优先满足整日容量与同卡不重复） | 35.197 |
| D13 | 2026-07-22 | 计划：66, 68, 71, 79, 82, 87, 104, 106, 111-112, 116, 120, 125, 128, 134, 150, 191, 198, 243, 256, 272, 286, 314, 334, 339, 344, 358, 409, 452, 523, 531（31张/6.243页） | 计划：37, 115, 152, 168, 186, 204, 212, 224, 228, 303, 320, 364, 369, 372, 390, 431, 436, 474, 517-518（20张/4.965页；低于0.9T：单格均衡为优化项；当前分配优先满足整日容量与同卡不重复） | 计划：2, 46, 51, 57, 69, 84, 86, 89, 93, 114, 122, 149, 184, 193, 201, 222, 249, 255, 262, 270-271, 302, 323, 325, 361, 366-367, 399, 461, 545, 549, 555, 562, 564（34张/14.844页） | 计划：8-9, 18, 43, 50, 61-62, 132, 137, 140, 159, 167, 177, 188, 235, 244, 332, 360, 441, 457-458, 513, 519, 525, 532（25张/4.480页；低于0.9T：单格均衡为优化项；当前分配优先满足整日容量与同卡不重复） | 计划：7, 12, 88, 121, 146, 248, 267, 282, 307, 309, 317, 335, 363, 388, 397, 415, 454, 466, 471, 477, 479, 488, 491, 514, 548, 553（26张/4.667页；低于0.9T：单格均衡为优化项；当前分配优先满足整日容量与同卡不重复） | 35.198 |
| D14 | 2026-07-23 | 计划：51, 57, 60, 176, 179, 204, 228, 249, 270-271, 273, 307, 329, 363, 375, 408, 413, 445, 454-455, 458, 466, 504, 548, 566, 579（26张/5.100页；低于0.9T：单格均衡为优化项；当前分配优先满足整日容量与同卡不重复） | 计划：46, 61, 72, 85, 93, 132, 167, 173, 190, 201, 253, 334-335, 344, 350, 356, 383-384, 388, 398, 401, 404, 415, 442, 452, 471, 488（27张/16.092页） | 计划：27, 38, 62-63, 68, 80, 125, 137, 140, 165, 191, 203, 209, 225, 230, 248, 282, 305, 309, 314, 321, 339-340, 364, 391, 431, 437, 543（28张/4.905页；低于0.9T：单格均衡为优化项；当前分配优先满足整日容量与同卡不重复） | 计划：29, 99, 108, 110, 115, 120, 122, 124, 141, 149, 152, 186, 206, 212, 222, 224, 256, 303, 322, 358, 361, 366, 369, 372, 428, 446, 476, 486, 561（29张/5.793页） | 计划：42, 69, 105, 133, 247, 251-252, 272, 320, 362, 438, 480-481, 490, 506, 509, 513, 516, 519, 525-527, 532, 540, 545, 564（26张/3.307页；低于0.9T：单格均衡为优化项；当前分配优先满足整日容量与同卡不重复） | 35.197 |
| D15 | 2026-07-24 | 计划：46, 72, 115, 152, 154, 173, 196, 212, 239, 253, 262, 280, 322, 371, 402, 405, 417, 441, 457, 545, 550, 553（22张/13.455页） | 计划：63, 68-69, 86, 88, 114, 125, 149, 171, 233, 255, 266, 273, 358, 362, 378, 454, 458, 466, 514, 525, 532（22张/3.658页；低于0.9T：单格均衡为优化项；当前分配优先满足整日容量与同卡不重复） | 计划：43, 50, 66, 108, 134, 138, 145, 167-168, 174, 177, 188, 275, 307, 320, 329, 334-335, 383-384, 390, 397, 404, 415, 442, 445, 452, 471（28张/6.308页） | 计划：20, 51, 57, 82, 85, 90, 111, 176, 190, 193, 201, 203, 225-226, 230, 242, 248, 282, 305, 325, 339-340, 438, 488, 490, 527, 540（27张/4.021页；低于0.9T：单格均衡为优化项；当前分配优先满足整日容量与同卡不重复） | 计划：2, 8-9, 27, 29, 38-39, 61-62, 92, 110, 118, 120, 122, 124, 249, 256, 270-271, 286, 314, 344, 350, 372, 392, 399, 414, 461, 482, 501-502, 521, 543, 549, 555, 561, 565（37张/7.755页） | 35.197 |
| D16 | 2026-07-25 | 计划：48, 50, 54, 88, 119, 158, 257, 261, 279, 295-296, 315, 341, 365, 368, 370, 389, 418, 422, 449, 456, 469, 482, 491, 528, 532（26张/7.545页） | 计划：106-107, 116, 138, 194, 202, 210, 213, 218, 229, 237, 264, 304, 311, 324, 351, 375-376, 400, 405, 421, 435, 447, 453（24张/5.981页） | 计划：1, 28, 33, 40, 82, 85, 90, 94, 131, 136, 155, 169, 180, 207, 211, 247, 269, 276, 286, 300, 306, 312, 316-317, 337, 350, 357, 359, 388, 427, 547-548, 550, 552, 568-569（36张/7.142页） | 计划：17, 23, 52, 55, 58, 67, 71, 74, 79, 109, 113-114, 123, 128, 143, 209, 221, 231, 243, 251, 259, 272, 301, 314, 425, 451, 461, 485, 497, 501-502, 508, 521, 530, 546, 565（36张/8.046页） | 计划：20, 68, 73, 274, 287, 297, 328, 333, 364, 366, 378, 387, 391, 393, 465, 473, 475, 498, 500, 507, 511, 515, 562, 572（24张/6.483页） | 35.197 |
| D17 | 2026-07-26 | 计划：75, 85, 93, 122, 132, 149, 180, 186, 214, 224, 234, 268, 274, 276, 300, 321, 331, 337, 385, 400, 448, 453, 465, 480, 535, 537, 556（27张/5.553页；低于0.9T：单格均衡为优化项；当前分配优先满足整日容量与同卡不重复） | 计划：80, 113, 121, 123, 137, 140, 165, 175, 192, 209, 221, 225, 230, 251-252, 259, 263, 301, 345, 368, 371, 373, 393-394, 408, 413-414, 417, 422, 428, 455, 457, 459, 473, 477, 497, 500, 513, 519, 526-527, 533, 541（43张/9.048页） | 计划：3, 10, 32, 36, 41-42, 48, 58, 67, 99, 109, 124, 179, 205-206, 215, 283, 299, 304, 308, 318, 348, 351, 355-356, 376, 382, 386, 424, 429, 433（31张/8.516页） | 计划：83, 105, 112, 117, 139, 148, 183, 217, 247, 277, 343, 370, 375, 426, 437, 481, 483, 498, 503, 529, 572（21张/5.860页） | 计划：4, 25, 53, 141, 246, 264, 273, 275, 294, 324, 336, 379, 390, 418, 434, 447, 449-450, 456, 551, 557, 569, 574, 576（24张/6.221页） | 35.197 |
| D18 | 2026-07-27 | 计划：61, 63, 69, 80, 86, 108, 114, 194, 201, 209, 225, 230, 233, 266, 318, 343, 350, 383, 388, 397, 411, 415, 438, 471, 476-477, 486, 488, 513-514, 517, 519, 525-527, 549, 551, 555, 561, 573（40张/7.037页） | 计划：38, 62, 66, 71, 112, 145, 174, 191, 205, 243, 248, 282, 309, 314, 325, 339-340, 402, 441, 480, 516（21张/4.989页；低于0.9T：单格均衡为优化项；当前分配优先满足整日容量与同卡不重复） | 计划：29, 37, 87, 110-111, 115, 120, 148, 159, 176, 183, 212, 256, 303, 344, 362, 369, 372, 378, 398, 401, 408, 417, 436, 454-455, 457-458, 466, 469（30张/6.399页） | 计划：2, 151, 154, 168, 184, 227, 249, 255, 262, 275, 292, 302, 307, 320, 334-335, 356, 364, 367, 450, 506, 509, 545, 564（24张/4.171页；低于0.9T：单格均衡为优化项；当前分配优先满足整日容量与同卡不重复） | 计划：18, 22, 43, 46, 50-51, 57, 83, 93, 99, 125, 132, 137, 139-140, 253, 280, 321, 329, 358, 371（21张/12.602页） | 35.197 |
| D19 | 2026-07-28 | 计划：55, 59, 70, 100-102, 113, 189, 222-223, 241, 251, 287, 308, 352-353, 373, 376, 378, 393, 396, 414, 425, 473-475, 490, 497-498, 501-502, 543, 565（33张/11.039页） | 计划：36, 48, 50, 56, 75, 117, 154, 196, 239, 267, 279, 296, 315, 322, 326, 336, 343, 366, 370, 389, 391-392, 411, 465, 476, 486, 507, 509, 511, 515, 521, 530（32张/6.778页） | 计划：9, 15, 19, 21, 107, 171, 175, 194, 210, 214, 218, 229, 237, 264, 273, 324, 363, 405, 421-422, 435, 449, 453, 456, 561（25张/3.694页；低于0.9T：单格均衡为优化项；当前分配优先满足整日容量与同卡不重复） | 计划：7, 28, 33, 37, 87, 89, 94, 116, 119, 121, 131, 134, 136, 138, 145, 207, 211, 257, 266, 269, 286, 300, 310-311, 323, 359, 429, 447-448, 484, 534, 550, 568-569（34张/8.019页） | 计划：3, 23, 40, 63, 71, 79, 85, 108, 123, 128, 268, 276, 337, 345, 382, 384, 451, 485, 508, 522, 546-547（22张/5.666页；低于0.9T：单格均衡为优化项；当前分配优先满足整日容量与同卡不重复） | 35.197 |
| D20 | 2026-07-29 | 计划：107, 110, 138, 202, 210, 213, 218, 229, 237, 246, 264, 275, 304, 324, 336, 351, 379, 390, 421, 435, 442, 479, 516, 518, 533, 541, 547, 557, 562, 569, 572, 574, 576（33张/6.012页） | 计划：90, 94, 122, 131, 136, 155, 177, 180, 207, 211, 214, 234, 247, 269, 276, 286, 300, 308, 317, 337, 359, 382, 385, 418, 425, 449, 456, 482, 487, 491, 501-502（32张/6.439页） | 计划：7, 20, 55, 71, 74, 79, 119, 121, 123, 128, 192, 221, 231, 243, 251, 257, 259, 263, 272, 301, 381, 394, 400, 413, 428, 432, 447, 459, 465, 546, 565（31张/7.748页） | 计划：3, 42, 162, 215, 245, 283, 296, 299, 306, 309, 316, 318, 348, 350, 355, 434, 473-475, 500, 507, 511, 515（23张/5.739页） | 计划：49, 52, 58, 67, 80, 82, 84, 109, 112, 114-115, 117, 255, 279, 295, 298, 315, 341, 349, 352, 368, 370, 373, 376, 405, 422, 437（27张/9.260页） | 35.197 |
