# 合并场景19：当天中断后形成约 10 页父卡

## 出现了什么意外

- D1、D2 全部完成。
- D3 完成当天全局顺序前 50% 后中断并锁定实绩。
- 仍在 D3 当天，把当前 441-482 共 42 张子卡合并为一张约 10 页父卡。

## 合并语义

- 子卡完成时序号：441-482
- 保留父卡当前序号：441
- 父卡有效页数：9.911288 页，等于 42 张子卡有效页数之和。
- 子卡身份保留在历史账本中，但生命周期变为 deleted，并指向保留父卡。
- 每个复习列只保留一个父卡 occurrence；已完成子卡历史不回写，未完成子卡 occurrence 全部取消。

## 验收结果

- 结论：未通过
- 硬约束失败：0
- 无理由低负载单元格：0
- 无理由日总量偏差：0
- 锁定历史保持不变：是
- 父卡 occurrence：5/5
- 仍在未来计划中的子卡 occurrence：0
- 父卡超过7.04页时独占任务包：否
- 相同输入重放一致：是
- 最终计划日：D20

## 最终计划表

历史子卡直接标注“原序号…已合并至当前卡…”，未来计划只显示保留父卡的当前序号。

| 学习日 | 日期 | 新学 | 1日复习 | 3日复习 | 7日复习 | 15日复习 | 当日总页数 |
| --- | --- | --- | --- | --- | --- | --- | --- |
| D1（D1 全部完成） | 2026-07-10 | 实绩：1-34（34张/6.202页） | 实绩：560-597；其余当前序号519-556（38张/6.402页） | 实绩：490-516；其余当前序号449-475（27张/6.050页） | 实绩：394-413（20张/6.305页） | 实绩：166-207（42张/6.426页） | 31.385 |
| D2（D2 全部完成） | 2026-07-11 | 实绩：35-45（11张/6.554页） | 实绩：1-34（34张/6.202页） | 实绩：517-559；其余当前序号476-518（43张/6.300页） | 实绩：414-440（27张/6.285页） | 实绩：208-262（55张/6.523页） | 31.864 |
| D3（D3 按全局卡号完成前 50% 后中断；异常：中断后合并卡441-482为约10页父卡，D4生效） | 2026-07-12 | 实绩：46-56（11张/6.025页） | 实绩：35-45（11张/6.554页） | 未完成 | 实绩：441-452；原序号441-452已合并至当前卡441（12张/3.891页） | 实绩：263-276（14张/6.385页） | 22.855 |
| D4 | 2026-07-13 | 计划：76, 85-86, 104, 121, 128, 131, 144, 158, 184, 187, 199, 229, 245, 260-262, 296, 338, 355, 361, 401, 412, 425, 437, 457, 477, 481, 483, 504, 551, 556（32张/7.731页） | 计划：51, 54-55, 70, 72, 113, 149, 153, 165, 195, 216, 244, 250, 253, 264-265, 268, 312, 320-321, 326, 339-340, 365, 371, 409, 411, 414, 421, 435-436, 465, 490, 510（34张/7.371页） | 计划：8, 16, 47, 97, 119, 122, 134, 168, 176, 201, 210, 219, 223, 227, 243, 270, 273, 276-277, 289, 291, 370, 381, 386, 407, 530（26张/4.966页；低于0.9T：单格均衡为优化项；当前分配优先满足整日容量与同卡不重复） | 计划：30, 60, 65, 71, 74, 82, 87-88, 99, 111, 152, 193, 208, 215, 225, 384, 388, 446, 451, 454, 456, 459, 473, 475, 547-548（26张/5.675页；低于0.9T：单格均衡为优化项；当前分配优先满足整日容量与同卡不重复） | 计划：11, 22, 31, 57, 78, 92, 107, 159, 298, 313, 341-342, 354, 358, 374, 397, 403, 416, 420, 424, 448-449, 452, 534, 536, 552（26张/6.264页） | 32.007 |
| D5 | 2026-07-14 | 计划：63, 163, 176, 189, 200, 221, 227, 273, 278, 313-314, 340, 370, 385, 396, 415, 487, 491, 500, 506, 550（21张/5.029页；低于0.9T：单格均衡为优化项；当前分配优先满足整日容量与同卡不重复） | 计划：71, 76, 88, 95, 107, 140, 145, 167, 190, 217, 225, 231, 260, 270, 296, 332, 338, 352-353, 380, 428, 460, 502, 504（24张/4.192页；低于0.9T：单格均衡为优化项；当前分配优先满足整日容量与同卡不重复） | 计划：17, 30, 35, 51, 55, 70, 81, 87, 93, 131, 141, 157, 165, 184, 192-193, 199, 215, 249, 253, 274, 307, 312, 334, 346, 384, 403, 413, 427（29张/6.181页） | 计划：13, 33, 47, 56, 75, 86, 121, 144, 159, 210, 219, 229, 234, 241, 254, 264, 267-268, 289, 298, 302, 322, 336, 341, 362, 392, 448, 452-453, 465, 478, 483, 507, 515, 536, 538, 551（37张/8.941页） | 计划：6, 20, 39, 60, 74, 85, 90, 96-97, 108, 110-111, 147, 150, 152, 155, 283, 309, 347, 371, 383, 401, 407, 421-422, 426, 436, 446, 454-455, 457, 475, 556（33张/7.664页） | 32.007 |
| D6 | 2026-07-15 | 计划：90, 136, 152, 166, 195, 208, 291, 303, 305, 309, 312, 360, 381, 407, 414, 420-421, 436, 448, 452, 455, 475, 502, 516, 530, 548（26张/6.722页） | 计划：82, 86-87, 92, 124, 141, 144, 159, 176, 187, 210, 223, 273-274, 385, 391, 397-398, 412, 437-438, 454, 457, 474, 483, 518（26张/6.176页） | 计划：2, 22, 31, 41, 64, 110, 128, 149, 153, 156, 175, 189, 200, 220, 225, 244, 260, 265, 269, 284, 298, 365, 374, 409, 426, 428, 537, 540（28张/5.390页；低于0.9T：单格均衡为优化项；当前分配优先满足整日容量与同卡不重复） | 计划：1, 37, 48, 53, 69, 78, 97, 107, 165, 168-169, 184, 199, 217, 221, 227, 245, 247, 270, 277, 307, 332, 354-355, 371, 467, 477, 521-522, 534, 546, 552（32张/5.931页） | 计划：30, 32, 35, 47, 50-51, 54-55, 65, 71, 75, 88, 95, 99, 119, 121, 134, 137, 157, 160, 302, 319, 339-340, 386, 425, 451, 507, 515, 525, 542, 551（32张/7.788页） | 32.007 |
| D7 | 2026-07-16 | 计划：78, 82, 97, 123, 149, 165, 215, 225-226, 240, 242-243, 264, 269, 318, 339, 376, 383, 438, 451, 454, 469, 472, 484, 499, 534, 536, 540, 552（29张/4.559页；低于0.9T：单格均衡为优化项；当前分配优先满足整日容量与同卡不重复） | 计划：47, 62, 84-85, 100, 128, 132, 137, 172, 184, 201, 213, 222, 228, 239, 335, 341, 360, 369, 381, 386, 393, 406-407, 425, 467, 507, 517（28张/6.851页） | 计划：23, 34, 37, 61, 67, 69, 72, 89, 92, 98, 107, 111, 113, 117, 127, 158, 167, 195, 203, 229, 292, 304, 319, 338, 350, 356, 397, 414, 421, 525, 551（31张/7.244页） | 计划：12, 17, 35, 50, 52, 54, 83, 119, 125, 133, 176, 188, 191, 250, 260, 273, 275, 294, 320, 328, 342, 351, 363, 366, 476, 500-501, 516, 526, 533（30张/8.502页） | 计划：1-2, 13, 16, 26, 29, 101, 124, 136, 153, 278-279, 368, 398, 412, 437, 442, 456, 459, 490, 496, 504, 521-523, 546-548（28张/7.038页） | 34.193 |
| D8 | 2026-07-17 | 计划：68, 94, 106, 117, 134-135, 147, 150, 153, 155, 168, 219, 228, 244, 258, 265, 277, 334, 343, 345, 359, 366, 379, 411, 430, 453, 464, 486, 488, 503, 524-525（32张/4.249页；低于0.9T：单格均衡为优化项；当前分配优先满足整日容量与同卡不重复） | 计划：63, 67, 73, 110, 133, 138, 202, 227, 243, 272, 316-317, 319, 325, 357, 361, 378, 400, 404, 419, 443-444, 446, 469, 495（25张/5.322页；低于0.9T：单格均衡为优化项；当前分配优先满足整日容量与同卡不重复） | 计划：20, 32, 60, 71, 76, 105, 108, 125, 130, 146, 182, 194, 204, 257, 279, 303, 354-355, 373, 377, 391, 398, 415, 417, 424, 441, 550（27张/16.002页） | 计划：22, 26, 77, 103, 141, 145, 161-162, 181, 198, 236, 255, 259, 262, 293, 301, 321, 324, 337, 344, 347, 386, 498, 505, 510, 531-532, 541, 553（29张/4.156页；低于0.9T：单格均衡为优化项；当前分配优先满足整日容量与同卡不重复） | 计划：41, 81, 89, 116, 139, 143, 282, 296, 348, 370, 396, 410, 450, 463, 470, 477, 481, 489, 497, 512, 514, 538（22张/5.468页；低于0.9T：单格均衡为优化项；当前分配优先满足整日容量与同卡不重复） | 35.197 |
| D9 | 2026-07-18 | 计划：58, 72, 81, 109, 129, 145, 148, 159-160, 198, 266-267, 271-272, 274, 297, 307, 326, 344, 365, 371, 389, 410, 450, 466, 492, 537, 539, 545, 553（30张/5.129页；低于0.9T：单格均衡为优化项；当前分配优先满足整日容量与同卡不重复） | 计划：60, 74, 96, 102, 108, 152, 156-157, 175, 189, 200, 215, 229, 234, 277, 286, 309, 331, 333, 347-348, 372, 382, 422, 427, 434, 441, 482, 503, 506（30张/14.804页） | 计划：13, 48, 59, 63, 77, 86, 90-91, 99, 118, 120-121, 205, 230, 241, 245, 247, 251, 281, 296, 300, 302, 315, 361-362, 408, 429, 445, 522, 529, 555（31张/6.857页） | 计划：9, 31, 39, 85, 95, 122, 131, 140, 163, 177, 190, 212, 223, 248, 252, 258, 313, 374, 457, 464, 480, 485, 513, 542（24张/4.245页；低于0.9T：单格均衡为优化项；当前分配优先满足整日容量与同卡不重复） | 计划：18, 24, 37, 56, 68, 98, 115, 144, 289, 299, 356, 359, 369, 381, 428, 433, 465, 471, 544, 549（20张/4.164页；低于0.9T：单格均衡为优化项；当前分配优先满足整日容量与同卡不重复） | 35.199 |
| D10 | 2026-07-19 | 计划：65, 70, 80, 93, 108, 122, 138, 151, 175, 210, 212, 230, 254, 311, 331, 342, 364, 380, 400, 413, 428, 432-433, 441, 497, 505, 520-521, 531, 549（30张/15.714页） | 计划：56, 89, 97, 99, 118, 163, 169, 177-178, 185, 192-193, 196, 205, 214, 235, 249, 257, 289, 294, 298, 302, 307, 323, 346, 401, 408, 415, 439, 445, 455, 476, 491-492（34张/6.240页） | 计划：19, 74-75, 95, 109, 115, 126, 135-136, 142, 148, 159, 221, 238, 252, 255, 267, 286, 314, 332, 343, 348, 371, 422, 430, 532, 544（27张/5.202页；低于0.9T：单格均衡为优化项；当前分配优先满足整日容量与同卡不重复） | 计划：24, 64, 96, 102, 106, 139, 160, 171, 213, 251, 271, 297, 299, 305, 317-318, 352-353, 370, 458, 481, 502, 518, 530, 537, 539, 555（27张/4.566页；低于0.9T：单格均衡为优化项；当前分配优先满足整日容量与同卡不重复） | 计划：7, 53, 105, 128, 145, 334, 336, 357, 376, 382, 384, 391-392, 427, 460, 482, 485（17张/3.478页；低于0.9T：单格均衡为优化项；当前分配优先满足整日容量与同卡不重复） | 35.199 |
| D11 | 2026-07-20 | 计划：96, 140, 169, 178, 196, 205, 214, 224, 235, 241, 248-249, 281, 284, 286, 293-294, 298, 301-302, 332-333, 352, 374, 408, 422, 434, 439, 445, 470-471, 528, 544, 555（34张/5.821页） | 计划：59, 64, 90, 122, 136, 151, 238, 251-252, 315, 334, 370, 377, 388-389, 426, 433, 458, 464, 480-481, 485, 513（23张/5.178页；低于0.9T：单格均衡为优化项；当前分配优先满足整日容量与同卡不重复） | 计划：3, 9, 14, 24, 53, 56, 58, 65, 73, 85, 102, 138-139, 144-145, 163, 171, 177, 208, 212, 266, 271, 299, 310-311, 316, 366, 435, 519, 531, 545, 549（32张/6.447页） | 计划：7, 18-19, 27, 38, 79, 104, 109-110, 118, 126, 129, 135, 157, 164, 166, 185, 218, 230, 300, 348, 376, 391, 441, 466, 482（26张/14.131页） | 计划：33, 70, 93, 106, 120, 154, 297, 326, 331, 364, 423, 432, 476, 478, 492, 498, 520, 530, 539, 553（20张/3.620页；低于0.9T：单格均衡为优化项；当前分配优先满足整日容量与同卡不重复） | 35.197 |
| D12 | 2026-07-21 | 计划：69, 73, 87-88, 98, 105, 110, 119, 162, 231, 255, 257, 275, 282, 287, 310, 319, 322, 324, 329, 373, 391, 409, 440, 444, 447, 463, 498, 510, 522（30张/8.283页） | 计划：49, 52, 65, 75, 103, 111, 125, 143, 150, 155, 166, 170, 173, 182, 198, 208, 218, 232, 246, 288, 295, 304, 318, 390, 418, 452, 459, 487, 499-500, 505（31张/6.163页） | 计划：54, 123, 169, 186, 233, 236-237, 259, 261, 263, 280, 305, 309, 328, 330, 353, 368, 380, 382, 399, 423, 437-438, 446, 527, 546, 556（27张/8.004页） | 计划：11, 23, 28, 42, 59, 62, 66, 68, 91, 114, 116, 124, 134, 136, 138, 147, 151, 179, 187, 189, 192, 202, 243-244, 265, 278, 356, 367, 383, 393, 484, 495, 497, 503, 514, 535, 554（37张/8.011页） | 计划：15, 40, 44, 67, 117, 146, 161, 317, 344, 379, 387, 395, 402, 405, 429, 443, 462, 464, 483, 486（20张/4.736页；低于0.9T：单格均衡为优化项；当前分配优先满足整日容量与同卡不重复） | 35.197 |
| D13 | 2026-07-22 | 计划：57, 74, 112, 118, 126, 137, 143, 180, 190, 193, 223, 256, 300, 353-354, 356, 375, 378, 397-398, 435, 458, 485, 494, 509, 529（26张/6.506页） | 计划：46, 53, 66, 93, 104, 106, 109, 115, 117, 120, 135, 139, 160, 171, 194, 207, 230, 240, 248, 254, 262, 299, 310, 358, 363, 367, 384, 387, 410, 423, 430, 440, 448, 451, 461, 478, 486, 493, 497, 508（40张/10.054页） | 计划：7, 12, 28, 38, 52, 162, 183, 218, 231, 235, 258, 285, 288, 297, 336, 349, 376, 385, 389, 395-396, 528, 554（23张/3.658页；低于0.9T：单格均衡为优化项；当前分配优先满足整日容量与同卡不重复） | 计划：3, 14, 32, 40, 43, 45, 49, 154, 178, 196, 214, 224, 257, 263, 280, 282, 311, 333-334, 360, 377, 379, 381-382, 491-492, 519, 524（28张/8.408页） | 计划：8, 19, 27, 58, 64, 76, 94, 102, 129, 138, 151, 164, 292, 304, 316, 325, 388, 390, 434, 439, 445, 447, 466, 472, 480, 484, 545, 555（28张/6.571页） | 35.197 |
| D14 | 2026-07-23 | 计划：62, 64, 101, 111, 130, 201, 222, 238, 253, 279, 323, 327, 350, 363, 368, 384, 392, 431, 456, 467, 507, 533, 546-547（24张/6.030页） | 计划：61, 69, 94, 119, 161, 191, 209, 226, 242, 278, 280, 283, 328-330, 356, 375, 383, 395, 449, 470, 489, 509, 516（24张/7.187页） | 计划：1, 10, 29, 44, 49, 78, 82-84, 124, 133, 166, 172, 174, 213, 228, 239, 250, 254, 306, 320, 322, 341-342, 364, 387, 406, 412, 425, 440, 521, 534, 536, 548, 552（35张/8.690页） | 计划：2, 16, 21, 41, 67, 72, 92, 100, 117, 123, 127-128, 153, 158, 167, 195, 203, 220, 240, 292, 314, 339, 390, 447, 450, 468, 474, 490, 496, 499, 511, 523, 529（33张/6.967页） | 计划：12, 17, 43, 45, 113, 125, 149, 165, 286, 295, 308, 315, 318, 321, 335, 338, 349, 351, 360, 389, 400, 404, 414, 418, 501, 517, 526, 540, 543（29张/6.324页） | 35.198 |
| D15 | 2026-07-24 | 计划：61, 71, 75, 79, 91, 107, 161, 173, 232, 283, 369, 377, 388, 395, 402, 429, 512, 514, 541（19张/4.839页；低于0.9T：单格均衡为优化项；当前分配优先满足整日容量与同卡不重复） | 计划：105, 123, 126, 146-148, 154, 186, 219, 236, 255, 259, 266, 276, 282, 300, 303, 324, 349, 359, 394, 396, 417, 424, 447, 453, 472-473, 515（29张/8.226页） | 计划：5-6, 11, 15, 36, 94, 101, 103, 114, 116, 143, 181, 187, 198, 202, 211, 217, 268, 313, 325-326, 357, 390, 393, 404-405, 411, 416, 419, 444, 538, 553（32张/6.582页） | 计划：20, 55, 73, 80, 98, 112, 150, 155, 180, 182, 197, 204, 206, 231, 239, 246, 281, 284, 290, 295, 319, 335, 343, 442-443, 460, 463, 470, 489, 494, 509（31张/5.710页；低于0.9T：单格均衡为优化项；当前分配优先满足整日容量与同卡不重复） | 计划：23, 38, 42, 46, 52, 66, 131-132, 141, 162, 277, 280, 287, 306, 310-312, 328, 330, 337, 345-346, 372-373, 399, 474, 479, 493, 495, 505, 519, 528, 535, 550（34张/9.840页） | 35.197 |
| D16 | 2026-07-25 | 计划：66, 84, 92, 100, 103, 127, 154, 174, 182-183, 185, 202, 217, 236, 239, 246, 259, 276, 285, 288, 292, 315, 317, 321, 347, 351, 382, 417, 419, 424, 442-443, 473, 513, 515, 527（36张/7.260页） | 计划：78, 80, 83, 101, 114, 116, 130-131, 142, 164, 180, 188, 197, 199, 204, 233, 237, 241, 269, 306, 313, 350, 366, 373, 403, 479, 488（27张/5.144页；低于0.9T：单格均衡为优化项；当前分配优先满足整日容量与同卡不重复） | 计划：50, 57, 112, 132, 140, 147, 150-151, 155, 161, 173, 179, 191, 206, 240, 264, 275, 278, 287, 290, 335, 345, 372, 383, 394, 402, 431, 447, 520, 533, 535, 543（32张/8.566页） | 计划：36, 46, 51, 61, 81, 89, 137, 146, 170, 186, 194, 209, 211, 216, 253, 261, 266, 274, 279, 291, 304, 329-331, 346, 358, 449, 462, 469, 493（30张/9.774页） | 计划：4, 48, 63, 69, 72, 86, 123, 148, 305, 314, 367, 377-378, 430, 438, 444, 453, 487, 511, 554（20张/4.454页；低于0.9T：单格均衡为优化项；当前分配优先满足整日容量与同卡不重复） | 35.197 |
| D17 | 2026-07-26 | 计划：59, 99, 102, 120, 133, 141-142, 156-157, 167, 171, 177, 211, 251-252, 289, 295, 299, 348, 390, 393-394, 406, 416, 426-427, 460, 465, 482, 519, 523, 538（32张/8.252页） | 计划：68, 79, 81, 121, 212, 221, 245, 247, 263, 271, 275, 297, 305, 311, 314, 368, 374, 413, 432, 442, 466（21张/6.212页） | 计划：18, 96, 104, 106, 129, 152, 160, 224, 234, 246, 248, 308, 323, 327, 331, 347, 367, 379, 388, 392, 400-401, 433, 439, 539, 541（26张/5.033页；低于0.9T：单格均衡为优化项；当前分配优先满足整日容量与同卡不重复） | 计划：44, 57-58, 70, 90, 93, 105, 108, 115, 148, 175, 205, 238, 249, 269, 283, 285-286, 315, 349, 357, 361, 372, 380, 389, 445, 455, 472, 520, 550, 556（31张/7.889页） | 计划：3, 5, 9, 14, 34, 62, 80, 109, 118, 122, 126, 135, 140, 163, 281, 284, 293-294, 301, 329, 332-333, 352, 362-363, 385, 408, 458, 461, 491, 502, 513, 518, 533, 537（35张/7.813页） | 35.199 |
| D18 | 2026-07-27 | 计划：60, 77, 89, 95, 113-114, 116, 124, 132, 172, 179, 194, 197, 204, 233, 268, 304, 306, 328, 330, 346, 404, 446, 449, 468, 474, 479, 489, 496, 501, 511, 517-518, 535（34张/7.652页） | 计划：112, 127, 206, 211, 220, 279, 287, 290-291, 308, 362, 392, 399, 402, 405, 450, 463, 475（18张/3.725页；低于0.9T：单格均衡为优化项；当前分配优先满足整日容量与同卡不重复） | 计划：4, 21, 43, 45-46, 62, 68, 79-80, 100, 137, 164, 170, 180, 188, 209, 216, 232, 242, 256, 272, 283, 324, 337, 340, 351, 363, 420, 443, 523, 526, 542（32张/8.854页） | 计划：5-6, 8, 25, 130, 174, 183, 207, 222, 226, 323, 327, 338, 345, 350, 359, 368-369, 378, 387, 444, 471, 487, 504, 512, 543（26张/5.553页；低于0.9T：单格均衡为优化项；当前分配优先满足整日容量与同卡不重复） | 计划：10, 49, 61, 82-84, 133, 142, 156, 158, 285, 288, 307, 320, 322, 343, 355, 361, 365-366, 375, 406, 413, 417, 419, 431, 440, 469, 488, 494, 506, 508, 527, 531-532（35张/9.414页） | 35.197 |
| D19 | 2026-07-28 | 计划：115, 139, 170, 181, 192, 203, 218, 234, 250, 316, 325, 335-336, 357, 386, 418, 423, 459, 461, 476, 478, 480, 493, 495, 508, 554（26张/3.274页；低于0.9T：单格均衡为优化项；当前分配优先满足整日容量与同卡不重复） | 计划：48, 58, 98, 162, 168, 179, 224, 258, 261, 267, 285, 292, 327, 337, 344, 354, 364, 376, 379, 429, 462, 468, 477, 484, 498, 514（26张/5.108页；低于0.9T：单格均衡为优化项；当前分配优先满足整日容量与同卡不重复） | 计划：26-27, 33, 39, 42, 88, 154, 178, 185, 190, 196, 207, 214, 262, 282, 293-294, 301, 317-318, 321, 333, 358, 360, 378, 410, 432, 434, 448, 524（30张/7.490页） | 计划：15, 63, 76, 94, 101, 120, 143, 173, 200, 233, 235, 237, 256, 288, 296, 303, 308-310, 373, 375, 385, 486, 525, 528, 544-545（27张/5.834页） | 计划：25, 28, 59, 73, 77, 87, 91, 103-104, 112, 114, 290, 300, 324, 353, 380, 409, 415, 435, 441, 499-500, 503, 509-510, 541（26张/13.491页） | 35.197 |
| D20 | 2026-07-29 | 计划：67, 83, 125, 146, 164, 186, 188, 191, 206-207, 209, 213, 216, 220, 237, 247, 263, 270, 280, 290, 308, 320, 337, 341, 349, 358, 362, 367, 372, 387, 399, 403, 405, 462, 490, 526, 532, 542-543（39张/8.169页） | 计划：50, 57, 77, 91, 129, 134, 158, 174, 181, 183, 203, 256, 281, 284, 293, 301, 322, 336, 342-343, 345, 351, 355, 416, 420, 431, 456, 471, 494, 496, 501, 511-512（33张/6.889页） | 计划：25, 40, 66, 197, 222, 226, 295, 329, 339, 344, 352, 359, 369, 375, 418, 436, 442, 547（18张/6.486页） | 计划：4, 10, 29, 34, 84, 113, 132, 142, 149, 156, 172, 201, 228, 232, 242, 272, 276, 287, 306, 312, 316, 325-326, 340, 364-365, 461, 479, 488, 506, 508, 517, 527, 540, 549（35张/7.117页） | 计划：21, 36, 79, 100, 127, 130, 291, 303, 323, 327, 350, 393-394, 411, 467-468, 473, 516, 524, 529（20张/6.539页） | 35.198 |
