# 合并场景14：跨任务包合并 4 张卡片

## 出现了什么意外

- D1、D2 全部完成。
- D3 前，把跨越原 P1/P2 任务包边界的当前 33-36 合并为一张父卡。

## 合并语义

- 子卡完成时序号：33-36
- 保留父卡当前序号：33
- 父卡有效页数：2.897712 页，等于 4 张子卡有效页数之和。
- 子卡身份保留在历史账本中，但生命周期变为 deleted，并指向保留父卡。
- 每个复习列只保留一个父卡 occurrence；已完成子卡历史不回写，未完成子卡 occurrence 全部取消。

## 验收结果

- 结论：通过
- 硬约束失败：0
- 低于0.9T的单格（仅提示，不是硬失败）：35
- 无理由日总量偏差：0
- 未排入计划的有效 occurrence：0
- 锁定历史保持不变：是
- 父卡 occurrence：5/5
- 仍在未来计划中的子卡 occurrence：0
- 父卡保持不可拆：是
- 父卡超过整日上限时独占整日：不适用
- 相同输入重放一致：是
- 最终计划日：D22

## 最终计划表

历史子卡直接标注“原序号…已合并至当前卡…”，未来计划只显示保留父卡的当前序号。

| 学习日 | 日期 | 新学 | 1日复习 | 3日复习 | 7日复习 | 15日复习 | 当日总页数 |
| --- | --- | --- | --- | --- | --- | --- | --- |
| D1（D1 全部完成） | 2026-07-10 | 实绩：1-34；原序号33-34已合并至当前卡33（34张/6.202页） | 实绩：560-597；其余当前序号557-594（38张/6.402页） | 实绩：490-516；其余当前序号487-513（27张/6.050页） | 实绩：394-413；其余当前序号391-410（20张/6.305页） | 实绩：166-207；其余当前序号163-204（42张/6.426页） | 31.385 |
| D2（D2 全部完成） | 2026-07-11 | 实绩：35-45；其余当前序号34-42；原序号35-36已合并至当前卡33（11张/6.554页） | 实绩：1-34；原序号33-34已合并至当前卡33（34张/6.202页） | 实绩：517-559；其余当前序号514-556（43张/6.300页） | 实绩：414-440；其余当前序号411-437（27张/6.285页） | 实绩：208-262；其余当前序号205-259（55张/6.523页） | 31.864 |
| D3（异常：跨原任务包合并卡33-36） | 2026-07-12 | 计划：55, 62, 67, 91, 93, 96, 114, 139, 144, 197, 204, 233, 247, 253, 266, 274, 278, 305, 307, 325, 331, 341, 445, 536, 547, 551, 558（27张/5.662页；低于0.9T：单格均衡为优化项；当前分配优先满足整日容量与同卡不重复） | 计划：46, 50, 53, 77, 84, 90, 104, 112, 116, 125, 185, 223, 240, 262, 273, 286, 303-304, 328, 359, 375, 426, 466, 475（24张/5.917页） | 计划：6, 9, 22-23, 31-32, 37, 44, 58, 66, 74, 76, 82, 94, 110, 115, 142, 206, 212, 222, 228, 232, 243-244, 301, 311, 415, 559, 567-568, 570, 573, 575, 579, 583, 590-592（38张/7.904页） | 计划：4, 13, 21, 25, 47, 83, 111, 133, 191, 255, 264, 281, 355, 439, 443-444, 450, 452, 463, 465, 486, 489, 493-494, 515, 533, 555, 581（28张/6.245页） | 计划：34, 267, 271-272, 290, 295, 299, 317, 326, 332, 340, 366, 389-390, 407-408, 416, 430, 527, 539, 554, 578（22张/6.270页） | 31.999 |
| D4 | 2026-07-13 | 计划：52, 76, 80, 82-83, 92, 98, 103, 113, 119, 123, 129, 145, 158, 172, 219, 224, 250, 255, 332-333, 353, 373, 394, 440-441, 451, 455, 459, 495-496, 510, 544, 557（34张/7.287页） | 计划：33, 42-43, 47, 93, 99, 114, 136, 140, 144, 191, 203, 209-210, 247, 292, 294, 302, 358, 386-387, 413, 436, 536（24张/8.241页） | 计划：19, 26, 29, 34-35, 57, 68, 79, 112, 143, 223, 227, 238, 253, 258-259, 271, 293, 318, 320, 324, 330-331, 343, 384, 410, 475, 481, 560, 564, 569, 576（32张/7.528页） | 计划：20, 28, 62, 126, 183, 240, 252, 323, 351, 379, 381, 445, 457, 461-462, 468, 471-473, 479, 516, 523, 525, 558, 563, 571, 578, 589（28张/5.167页；低于0.9T：单格均衡为优化项；当前分配优先满足整日容量与同卡不重复） | 计划：21, 64, 270, 274, 314, 316, 329, 334, 341-342, 344, 369, 376, 388, 456, 498, 511, 542, 550（19张/3.776页；低于0.9T：单格均衡为优化项；当前分配优先满足整日容量与同卡不重复） | 31.999 |
| D5 | 2026-07-14 | 计划：47, 86, 89, 97, 107, 118, 138, 141, 162, 168, 170, 175, 178, 238, 275, 280, 283-284, 310, 314, 321, 371, 381, 449, 452, 505, 539, 555, 561, 589（30张/5.453页；低于0.9T：单格均衡为优化项；当前分配优先满足整日容量与同卡不重复） | 计划：44-45, 48, 55, 65, 72, 79-81, 91-92, 96, 98, 113, 119, 127, 133, 145, 196, 224, 234, 246, 253, 285, 308, 317, 351, 417, 441（29张/6.056页） | 计划：2, 10, 20, 27, 36, 46, 53, 61, 64, 69, 85, 93, 132, 148, 157, 181, 239, 265, 286, 290, 299, 368, 436, 594（24张/7.219页） | 计划：18, 50, 116-117, 171, 173, 197, 274, 438, 456, 469, 478, 481-483, 488, 495, 498-500, 504, 506, 513-514, 535, 538, 540-541, 546, 549-552, 564, 574（35张/6.968页） | 计划：13, 25, 263, 279, 292, 296, 298, 313, 325, 333, 336, 338, 354, 361, 375, 385, 427, 444, 468, 512, 530（21张/6.303页） | 31.999 |
| D6 | 2026-07-15 | 计划：43, 57, 121, 128, 142, 148, 167, 186, 258-259, 271, 304, 344, 404, 412, 422, 448, 470, 478（19张/5.223页；低于0.9T：单格均衡为优化项；当前分配优先满足整日容量与同卡不重复） | 计划：40, 83, 89, 95, 109, 111, 123, 149, 157-158, 170, 175, 183, 202, 208, 256, 267, 270, 288, 313, 321, 380-382, 388, 394, 406, 409, 440, 451, 459, 510（32张/8.319页） | 计划：33, 67, 77, 102, 136-137, 151, 161, 168, 173, 201, 219, 248, 257, 284, 292, 302, 342, 357, 367, 375, 444, 453, 460, 565, 571（26张/7.412页） | 计划：3, 14, 29, 35, 48, 80, 87, 101, 122, 124-125, 135, 176, 231, 239, 250, 290, 320, 327, 368, 377, 474-475, 477, 501, 517, 553-554, 556, 566（30张/4.310页；低于0.9T：单格均衡为优化项；当前分配优先满足整日容量与同卡不重复） | 计划：59, 62, 91, 116, 283, 287, 289, 303, 312, 330, 337, 353, 358-359, 374, 386-387, 399, 405, 413, 429, 434-435, 450, 497, 505, 525, 558, 588, 594（30张/6.737页） | 32.001 |
| D7 | 2026-07-16 | 计划：46, 50, 53, 124, 155, 166, 173, 193, 203, 211, 214, 220, 252, 272, 290, 297, 299, 311, 315, 326, 350, 362, 377, 385, 389-390, 407, 416, 427, 438, 446, 527, 578, 581（34张/9.326页） | 计划：103, 108, 139, 143, 147, 152, 156, 184, 189, 197, 204-205, 213, 217, 248, 305, 325, 332, 334, 357, 371, 412, 449, 452, 494-496, 555（28张/4.810页；低于0.9T：单格均衡为优化项；当前分配优先满足整日容量与同卡不重复） | 计划：51, 65, 71, 78, 90, 92, 98, 107, 114, 116, 127, 138, 146, 163, 185, 229, 241, 267, 273, 317, 345, 359, 361（23张/3.894页；低于0.9T：单格均衡为优化项；当前分配优先满足整日容量与同卡不重复） | 计划：6, 30, 32, 37, 44, 58, 142, 148, 181, 206, 230, 238, 270, 275, 301, 460, 464, 503, 518, 521, 542-543, 567, 570, 573, 579, 583, 590（28张/7.189页） | 计划：20, 81, 129, 133, 269, 291, 302, 307, 318, 321, 339, 355, 368, 380-381, 384, 396, 398, 406, 414, 424, 439, 454, 465, 474, 491（26张/6.780页） | 31.999 |
| D8 | 2026-07-17 | 计划：61, 69, 81, 117, 147, 152, 156, 161, 191, 194, 226, 239, 249, 254, 257, 263, 265, 279, 300, 302, 323, 364, 374, 434, 454, 462, 474, 530（28张/6.425页） | 计划：120, 124, 154, 160, 169, 172, 177-178, 193, 200, 214, 228, 236, 252, 260, 266, 284, 289, 309, 352, 427, 464, 492, 505（24张/4.616页；低于0.9T：单格均衡为优化项；当前分配优先满足整日容量与同卡不重复） | 计划：55, 59, 63, 89, 91, 99, 104, 108, 113, 118, 123, 135, 139, 186, 189, 192, 203-204, 216-217, 246, 261, 285, 298, 321, 327, 333, 381, 406, 424, 451, 466（32张/6.439页） | 计划：11, 15, 31, 39, 92, 107, 157, 241, 286, 306, 346, 354, 380, 458, 480, 485, 487, 502, 519-520, 548, 568, 572, 575, 577, 582, 586（27张/7.449页） | 计划：18, 66, 79, 131, 148, 319, 347, 363, 367, 370, 372-373, 383, 392-393, 397, 400-401, 403, 410, 417, 422, 433, 442-443, 504, 571, 591（28张/7.072页） | 32.001 |
| D9 | 2026-07-18 | 计划：44, 48, 60, 77, 99, 125, 151, 157, 205, 208, 229, 256, 268, 270, 298, 318, 322, 334, 336, 342, 348, 352, 369, 376, 444, 461, 550, 586（28张/6.206页） | 计划：49, 134, 165, 174, 176, 198, 218, 226, 235, 242, 250, 254-255, 257, 276, 282, 314, 335, 345, 355, 373, 429, 455, 511, 515（25张/4.612页；低于0.9T：单格均衡为优化项；当前分配优先满足整日容量与同卡不重复） | 计划：12, 40, 42, 87, 96-97, 101, 103, 122, 129, 140, 147, 150, 152, 154-155, 160, 169, 172, 177, 182, 209-210, 231, 269, 277, 281, 386, 388, 412, 417, 435, 557, 577（34张/6.624页） | 计划：1, 19, 23-24, 26-27, 46, 68, 119, 128, 184, 194, 259, 291, 295, 297, 330, 459, 484, 496, 528, 531, 561-562, 569, 585, 587（27张/6.637页） | 计划：28, 54, 264, 278, 301, 304, 308, 324, 328, 357, 360, 362, 378, 382, 404, 423, 431, 440, 445, 457, 473, 513, 560, 563, 572（25张/7.922页） | 32.001 |
| D10 | 2026-07-19 | 计划：54, 120, 134, 235, 248, 289, 294, 339, 363, 372, 378, 400, 413-414, 417, 424, 442, 482, 594（19张/4.900页；低于0.9T：单格均衡为优化项；当前分配优先满足整日容量与同卡不重复） | 计划：35, 75, 88, 128, 168, 227, 230, 249, 258-259, 268, 279, 283, 293, 320, 349, 367, 370, 544, 553（20张/5.590页；低于0.9T：单格均衡为优化项；当前分配优先满足整日容量与同卡不重复） | 计划：11, 62, 70, 72, 121, 144, 156, 165, 174, 178, 183, 190, 198, 200, 215, 218, 226, 236, 242, 251-252, 254-255, 276, 358, 380, 387, 394, 403, 409, 459, 558, 584, 586（34张/7.490页） | 计划：2, 10, 33-34, 41, 51, 57, 65, 69, 93, 100, 105-106, 112-113, 151, 154, 159, 189, 192, 195, 207, 212, 271, 307, 318, 347, 384, 509, 511, 524, 588, 591-592（34张/9.610页） | 计划：48, 82, 114, 125, 157, 315, 412, 415, 418, 426, 432, 436, 448, 451, 462, 472, 476, 483, 487, 494, 500, 506, 510, 516, 543, 545, 562, 573, 581, 583（30张/4.411页；低于0.9T：单格均衡为优化项；当前分配优先满足整日容量与同卡不重复） | 32.001 |
| D11 | 2026-07-20 | 计划：51, 88, 110, 127, 174, 189, 223, 236, 240, 246, 285-286, 313, 343, 346, 361, 375, 428, 436, 464, 477, 491, 593（23张/3.296页；低于0.9T：单格均衡为优化项；当前分配优先满足整日容量与同卡不重复） | 计划：38, 78, 82, 85, 94, 115, 135, 153, 181, 187, 192, 206, 212, 216, 222, 232, 238, 243-244, 251, 263, 272, 275, 280, 295-296, 306-307, 316, 337, 341, 350, 377, 390, 415, 419, 431, 446, 462, 501-502, 548, 551（43张/10.273页） | 计划：4, 21, 30, 84, 100, 105-106, 109, 126, 141, 159, 162, 179, 184, 188, 195-196, 207, 213, 221, 230, 308, 326, 351-352, 360, 365, 441, 452, 572, 574, 581（32张/6.185页） | 计划：43, 54, 64, 66, 71, 74, 90, 130, 164, 311, 317, 357, 374, 490, 492, 527, 530, 580（18张/4.671页；低于0.9T：单格均衡为优化项；当前分配优先满足整日容量与同卡不重复） | 计划：31, 83, 117, 273, 331, 364, 379, 391, 409, 411, 420, 425, 437-438, 447, 453, 455, 463, 514, 517, 564-565, 567（23张/7.575页） | 32.000 |
| D12 | 2026-07-21 | 计划：79, 85, 94, 116, 133, 153, 181, 184, 192, 196, 200, 212, 222, 232, 243-244, 260-261, 295-296, 309, 356, 368, 370, 420, 425, 435, 443, 486, 507, 514, 517, 553-554, 564-565, 568（37张/7.749页） | 计划：100, 105-106, 159, 190, 221, 241, 290, 300-301, 310, 312, 331, 340, 346, 361, 363, 398-399, 428, 430, 457, 476-477, 491, 498, 521, 525, 527（29张/5.222页；低于0.9T：单格均衡为优化项；当前分配优先满足整日容量与同卡不重复） | 计划：83, 125, 194, 275, 287, 303, 306, 337, 354, 411, 439, 473, 580（13张/3.284页；低于0.9T：单格均衡为优化项；当前分配优先满足整日容量与同卡不重复） | 计划：16-17, 36, 45, 52, 59-60, 63, 75, 78, 82, 84, 95, 115, 137, 141, 145, 149, 162, 167, 179-180, 188, 208, 213, 219, 249, 251, 268, 308, 313-314, 325, 383, 447, 453, 545（37张/8.154页） | 计划：70, 72, 134, 282, 285-286, 293, 320, 421, 458, 467, 480, 482, 485, 490, 493, 503, 519, 522, 544, 547, 552, 574（23张/7.591页） | 32.000 |
| D13 | 2026-07-22 | 计划：78, 146, 163, 171, 179-180, 185, 187, 190, 195, 206, 221, 228, 245, 251, 287, 303, 312, 316, 319, 330, 337, 340, 359, 383, 392, 399, 419, 421, 430-431, 457, 476, 525（34张/6.272页） | 计划：39, 52, 58, 76, 107, 121, 142, 148, 167, 186, 194, 201, 297, 311, 333, 342, 348, 360, 362, 365, 376, 385, 389, 407, 432, 448, 473, 506（28张/7.050页） | 计划：41, 47, 56, 75, 88, 95, 111, 128, 130-131, 133, 145, 149, 158, 170, 175, 205, 208, 250, 256, 266, 270, 280, 288, 344, 349, 393, 404, 437, 449, 455, 463, 470, 472, 485, 582（36张/10.362页） | 计划：70, 72, 77, 79, 85, 102, 123, 127, 168, 235, 272, 278, 284, 302, 326, 369, 373, 375, 382, 390, 440, 491, 565, 576（24张/6.341页） | 计划：14, 68, 87, 93, 138, 161, 305, 327, 356, 428, 464, 475, 477, 486, 553, 556, 566（17张/1.975页；低于0.9T：单格均衡为优化项；当前分配优先满足整日容量与同卡不重复） | 32.000 |
| D14 | 2026-07-23 | 计划：65, 72, 75, 209, 230, 237, 292, 345, 355, 379, 382, 386, 391, 402, 437, 450, 467, 500, 504, 512, 532, 538（22张/7.249页） | 计划：37, 56, 69-70, 101, 122, 137, 207, 215, 231, 264, 299, 322, 324, 327, 336, 339, 344, 356, 374, 405, 414, 416, 418, 435, 460, 516（27张/5.136页；低于0.9T：单格均衡为优化项；当前分配优先满足整日容量与同卡不重复） | 计划：5, 17, 39, 43, 45, 50, 54, 86, 164, 197, 268, 278-279, 282-283, 294, 297, 329, 335, 371, 398, 427, 566, 588（24张/6.481页） | 计划：53, 55, 67, 73, 81, 94, 97, 103, 110, 120, 136, 140, 150, 152-153, 160, 165, 169, 174, 182, 198-199, 211, 218, 225, 227, 245, 262, 265, 269, 273, 277, 349, 366, 387, 448, 466, 508, 557, 560, 594（41张/8.164页） | 计划：32, 35, 61, 310, 348, 352, 461, 469, 471, 481, 484, 489, 496, 499, 501, 509, 518, 520, 528, 531, 533-535, 540, 592（25张/4.970页；低于0.9T：单格均衡为优化项；当前分配优先满足整日容量与同卡不重复） | 32.001 |
| D15 | 2026-07-24 | 计划：56, 112, 135, 159, 207, 234, 282, 403, 409, 411, 432, 458, 463, 465, 468, 472, 489, 493, 506, 518-519, 522, 533, 542-543, 552, 573, 579（28张/5.521页；低于0.9T：单格均衡为优化项；当前分配优先满足整日容量与同卡不重复） | 计划：51, 54, 59, 63, 126, 166, 220, 278, 319, 343, 354, 372, 379, 383, 391-392, 400, 402, 408, 423, 437, 444, 447, 461, 482, 504, 512, 537（28张/9.624页） | 计划：60, 224, 262, 274, 295, 300, 322, 332, 336, 366, 370, 385, 418, 426, 445, 462（16张/3.452页；低于0.9T：单格均衡为优化项；当前分配优先满足整日容量与同卡不重复） | 计划：49, 89, 91, 104, 109, 132, 139, 143-144, 146, 156, 163, 172, 185-186, 190, 200, 204-205, 215, 217, 242, 247, 280, 287, 321, 352, 358（28张/4.960页；低于0.9T：单格均衡为优化项；当前分配优先满足整日容量与同卡不重复） | 计划：2, 4-5, 10-11, 15, 19, 23-24, 38, 40, 42-43, 55, 69, 74, 110, 151, 158, 266, 323, 345, 394, 441, 479, 492, 524, 538, 541, 548-549, 569-570, 575-576, 584-585, 590, 593（39张/8.444页） | 32.001 |
| D16 | 2026-07-25 | 计划：45, 58, 84, 90, 105, 115, 182, 216, 241, 277, 306, 317, 365, 393, 398, 401, 447, 453, 456, 480, 490, 498, 503, 513, 556, 566, 582, 588, 591（29张/8.776页） | 计划：60, 71, 130-131, 146, 163, 171, 179-180, 195, 229, 245, 269, 274, 287, 298, 330, 384, 395-396, 403, 420, 425, 439, 443, 445, 454, 471, 517, 550（30张/6.166页） | 计划：1, 16, 48-49, 52, 167, 191, 291, 296, 310, 314, 316, 319, 334, 341, 346, 348, 350, 362, 376, 389, 399, 428, 431-433, 448, 457, 461, 464, 476-477（32张/7.171页） | 计划：61, 134, 170, 175, 221-222, 244, 267, 276, 288, 303, 333, 337, 345, 359, 372, 378, 467, 522, 547（20张/3.250页；低于0.9T：单格均衡为优化项；当前分配优先满足整日容量与同卡不重复） | 计划：30, 50-51, 53, 77, 85, 95, 102, 111, 113, 142, 145, 149, 261, 281, 297, 309, 311, 419, 452, 488, 515, 555, 579-580, 586, 589（27张/6.633页） | 31.997 |
| D17 | 2026-07-26 | 计划：130-131, 217, 262, 301, 308, 360, 396, 406, 408, 418, 423, 483, 488, 492, 516, 524, 531, 545, 548, 560, 562, 583（23张/5.539页；低于0.9T：单格均衡为优化项；当前分配优先满足整日容量与同卡不重复） | 计划：110, 353, 366, 368, 393, 401, 421, 424, 453, 472, 486, 490, 493, 503, 507, 522, 530, 542-543, 556（20张/2.960页；低于0.9T：单格均衡为优化项；当前分配优先满足整日容量与同卡不重复） | 计划：134, 180, 240, 247, 325, 340, 372, 377, 383, 392, 395, 400, 407, 414, 416, 425, 430, 443, 446-447, 454, 471, 482（23张/5.140页；低于0.9T：单格均衡为优化项；当前分配优先满足整日容量与同卡不重复） | 计划：40, 42, 76, 121, 129, 138, 158, 203, 216, 223, 226, 228, 236-237, 246, 256, 285, 305, 316, 331-332, 334, 341, 343-344, 348, 350, 362, 364, 370, 376, 388, 584（33张/7.992页） | 计划：6, 16, 26, 36, 44, 46, 49, 52, 57-58, 60, 71, 78, 84, 90, 92, 100, 103, 105-106, 109, 112, 115, 126, 137, 141, 143-144, 146, 156, 159, 162, 275, 284, 306, 346, 365, 459, 521, 561（40张/10.371页） | 32.001 |
| D18 | 2026-07-27 | 计划：70, 95, 101, 111, 122, 126, 136-137, 140, 165, 198, 202, 218, 227, 231, 267, 288, 320, 335, 358, 380, 387-388, 429, 469, 471, 497, 508-509, 511, 521, 529, 577（33张/5.435页；低于0.9T：单格均衡为优化项；当前分配优先满足整日容量与同卡不重复） | 计划：34, 57, 62, 67, 87, 102, 129, 150, 164, 173, 219, 239, 271, 318, 329, 411, 450, 467, 470, 478, 518, 524, 532, 538, 547（25张/5.176页；低于0.9T：单格均衡为优化项；当前分配优先满足整日容量与同卡不重复） | 计划：3, 14, 28, 73, 119-120, 124, 199, 225, 245, 307, 313, 347, 355-356, 363, 374, 379, 402, 405, 413, 422, 440, 561-563, 585, 593（28张/6.123页） | 计划：5, 56, 88, 108, 147, 155, 161, 201, 229, 248, 258, 292-294, 299, 312, 324, 338, 342, 367, 389, 451, 505, 510, 512, 534, 544（27张/7.800页） | 计划：7-9, 17, 29, 33, 41, 47, 94, 107, 135, 154, 268, 280, 322, 343, 371, 507, 523, 526, 536, 557, 568, 587（24张/7.467页） | 32.001 |
| D19 | 2026-07-28 | 计划：59, 66, 87, 102, 143, 154, 160, 164, 169, 177, 210, 215, 242, 269, 293, 327, 354, 366, 384, 395, 405, 433, 460, 466, 473, 485, 499, 501, 520, 523, 528, 534, 540-541, 549, 575-576, 580, 584（39张/8.695页） | 计划：36, 73, 97, 118, 199, 225, 261, 291, 315, 364, 458, 469, 479-480, 483-484, 488, 500, 509, 519, 529, 531, 533, 539, 545（25张/7.160页） | 计划：18, 24, 81, 153, 214, 304, 309, 312, 338, 353, 396-397, 408, 423, 438, 450, 467, 486, 578, 587（20张/3.288页；低于0.9T：单格均衡为优化项；当前分配优先满足整日容量与同卡不重复） | 计划：7-8, 38, 131, 178, 233-234, 254, 279, 282-283, 298, 310, 322, 328-329, 335, 340, 356, 363, 385, 441-442, 507, 526, 559（26张/4.802页；低于0.9T：单格均衡为优化项；当前分配优先满足整日容量与同卡不重复） | 计划：22, 39, 45, 56, 63, 65, 67, 76, 86, 88, 104, 120-121, 124, 132, 150, 260, 262, 265, 277, 294, 300, 402, 449, 470, 532, 537, 546, 577（29张/8.056页） | 32.001 |
| D20 | 2026-07-29 | 计划：49, 63, 149-150, 176, 183, 188, 199, 225, 264, 273, 276, 329, 347, 349, 351, 367, 479, 484, 502, 515, 526, 535, 546, 563, 570-571, 574, 590, 592（30张/6.636页） | 计划：61, 64, 68, 74, 86, 132, 155, 182, 265, 277, 281, 338, 397, 410, 433, 465, 468, 474, 481, 485, 487, 497, 499, 508, 514, 520, 523, 528, 534, 540-541, 549, 552, 554（34张/8.465页） | 计划：7-8, 117, 211, 233-234, 237, 260, 305, 323, 328, 364, 369, 378, 391, 421, 434, 442, 456, 458, 469, 483（22张/7.194页） | 计划：9, 22, 166, 187, 193, 202, 210, 220, 224, 253, 261, 263, 266, 289, 296, 300, 309, 315, 319, 339, 353, 386, 455, 470, 536-537, 593（27张/6.080页） | 计划：3, 12, 73, 80, 89, 96-99, 101, 108, 118, 122, 127, 136, 139, 153, 160, 335, 377, 395, 446, 478, 529, 559, 582（26张/3.625页；低于0.9T：单格均衡为优化项；当前分配优先满足整日容量与同卡不重复） | 32.001 |
| D21 | 2026-07-30 | 计划：64, 68, 71, 73-74, 100, 108-109, 132, 201, 213, 281, 291, 324, 328, 338, 357, 397, 410, 439, 481, 487, 559, 567, 569, 572, 585, 587（28张/5.485页；低于0.9T：单格均衡为优化项；当前分配优先满足整日容量与同卡不重复） | 计划：41, 66, 117, 138, 141, 151, 161-162, 188, 211, 233, 237, 323, 326, 347, 369, 378, 404, 422, 434, 438, 442, 456, 463, 489, 513, 526, 535, 546（29张/7.458页） | 计划：13, 15, 25, 38, 80, 166, 176, 187, 193, 202, 220, 235, 249, 263-264, 272, 289, 315, 339, 373, 382, 390, 401, 419, 429, 465, 468, 474, 478-480, 484, 589（33张/8.425页） | 计划：12, 86, 96, 98-99, 118, 177, 196, 209, 214, 232, 243, 257, 260, 304, 336, 360-361, 365, 371, 446, 449, 454, 497, 529, 532, 539（27张/5.579页；低于0.9T：单格均衡为优化项；当前分配优先满足整日容量与同卡不重复） | 计划：1, 27, 37, 75, 119, 123, 128, 130, 140, 147, 152, 155, 276, 288, 349-351, 460, 466, 502, 508, 551（22张/5.053页；低于0.9T：单格均衡为优化项；当前分配优先满足整日容量与同卡不重复） | 32.001 |
| D22 | 2026-07-31 | 计划：104, 106, 415, 426, 475, 494, 537（7张/0.108页） | 空 | 计划：171, 420（2张/0.037页） | 计划：114, 476（2张/0.041页） | 计划：495（1张/0.019页） | 0.205 |
