# 合并场景17：合并已有历史形成约 10 页父卡

## 出现了什么意外

- D1、D2 全部完成。
- D3 前，把已有多列历史的当前 1-41 共 41 张子卡合并为一张约 10 页父卡。

## 合并语义

- 子卡完成时序号：1-41
- 保留父卡当前序号：1
- 父卡有效页数：10.280204 页，等于 41 张子卡有效页数之和。
- 子卡身份保留在历史账本中，但生命周期变为 deleted，并指向保留父卡。
- 每个复习列只保留一个父卡 occurrence；已完成子卡历史不回写，未完成子卡 occurrence 全部取消。

## 验收结果

- 结论：未通过
- 硬约束失败：0
- 无理由低负载单元格：0
- 无理由日总量偏差：0
- 锁定历史保持不变：是
- 父卡 occurrence：5/5
- 仍在未来计划中的子卡 occurrence：0
- 父卡超过7.04页时独占任务包：否
- 相同输入重放一致：是
- 最终计划日：D20

## 最终计划表

历史子卡直接标注“原序号…已合并至当前卡…”，未来计划只显示保留父卡的当前序号。

| 学习日 | 日期 | 新学 | 1日复习 | 3日复习 | 7日复习 | 15日复习 | 当日总页数 |
| --- | --- | --- | --- | --- | --- | --- | --- |
| D1（D1 全部完成） | 2026-07-10 | 实绩：1-34；原序号1-34已合并至当前卡1（34张/6.202页） | 实绩：560-597；其余当前序号520-557（38张/6.402页） | 实绩：490-516；其余当前序号450-476（27张/6.050页） | 实绩：394-413；其余当前序号354-373（20张/6.305页） | 实绩：166-207；其余当前序号126-167（42张/6.426页） | 31.385 |
| D2（D2 全部完成） | 2026-07-11 | 实绩：35-45；其余当前序号2-5；原序号35-41已合并至当前卡1（11张/6.554页） | 实绩：1-34；原序号1-34已合并至当前卡1（34张/6.202页） | 实绩：517-559；其余当前序号477-519（43张/6.300页） | 实绩：414-440；其余当前序号374-400（27张/6.285页） | 实绩：208-262；其余当前序号168-222（55张/6.523页） | 31.864 |
| D3（异常：原卡1-41合并为约10页父卡） | 2026-07-12 | 计划：28, 52, 70, 79, 117, 120, 147, 174, 189, 195, 221, 227-228, 245, 287, 301, 321, 342, 351, 387-388, 392, 423, 430, 440, 474, 481, 510, 518, 534, 537（31张/6.749页） | 计划：18, 20, 47, 51, 69, 78, 92, 104, 130, 153, 162, 168, 181, 184, 186, 214-216, 222, 247, 251, 291, 317, 320, 337, 356, 386, 391, 396, 403-404, 424, 445, 468, 475, 479, 482, 515（38张/8.671页） | 计划：3, 23, 32, 34, 39, 54, 108, 119, 151, 206, 233, 260, 272, 276, 280, 286, 331, 341, 381, 411, 416, 521, 530, 541, 555（25张/5.248页；低于0.9T：单格均衡为优化项；当前分配优先满足整日容量与同卡不重复） | 计划：7, 21, 31, 56, 73-74, 77, 81, 86, 98, 106, 125, 131, 138, 143, 208, 232, 252, 270, 281, 318, 330, 408, 432, 434, 452, 488, 519（28张/6.637页） | 计划：10-11, 43, 87, 224-225, 231, 234, 284, 339, 376, 409, 415, 449, 462, 470, 490, 501, 550（19张/4.698页；低于0.9T：单格均衡为优化项；当前分配优先满足整日容量与同卡不重复） | 32.003 |
| D4 | 2026-07-13 | 计划：53, 57, 105, 116, 137, 171, 176, 219, 255, 279, 285, 296, 303, 313, 333, 346, 349, 376, 408, 414, 452, 465, 467, 484, 490, 496, 501, 516（28张/5.307页；低于0.9T：单格均衡为优化项；当前分配优先满足整日容量与同卡不重复） | 计划：28, 37, 70, 117, 120, 140, 146, 174, 180, 195, 227, 231, 234, 245, 281, 306, 339, 350, 361, 387-388, 409, 430, 440, 470, 495, 502, 519（28张/4.900页；低于0.9T：单格均衡为优化项；当前分配优先满足整日容量与同卡不重复） | 计划：5, 46, 78, 92, 121, 130, 168, 186, 192, 221, 226, 243, 247, 262, 301, 347, 356, 366, 368, 386, 391, 396, 403, 527, 535, 538-540, 543（29张/8.129页） | 计划：3, 20, 23, 27, 42, 47, 51, 108, 153, 162, 206, 214, 228, 287, 310, 314, 317, 321, 352, 406, 413, 431, 444, 456, 474, 485, 504, 522, 541, 555（30张/7.262页） | 计划：7, 21, 32, 56, 62, 64, 73-74, 81, 88, 106, 239, 246, 257, 261, 266, 277, 293, 304, 327, 363, 375, 405, 425, 434, 450（26张/6.406页） | 32.003 |
| D5 | 2026-07-14 | 计划：46, 49, 61, 80, 82, 84, 86, 90, 92, 141, 143, 149, 175, 178, 182, 187-188, 199, 201, 204, 243, 246, 261, 266, 275, 277, 293, 304, 363, 375, 405, 412, 479, 482, 502（35张/7.564页） | 计划：3, 7, 40, 53, 57, 105, 171, 176, 210, 219-220, 228, 279, 285, 287, 296, 313, 321, 333, 349, 351, 377, 392, 397, 408, 423, 474, 485, 488（29张/7.840页） | 计划：28, 65, 69, 113, 117, 140, 174, 184, 195, 222, 231, 251, 258, 288, 306, 330, 355, 382, 387, 409, 414, 430, 441（23张/4.888页；低于0.9T：单格均衡为优化项；当前分配优先满足整日容量与同卡不重复） | 计划：16, 18, 68, 78, 119, 121, 124, 130, 186, 192, 215, 227, 240, 247, 286, 331, 418, 435, 440, 454, 467, 475-476, 511, 514, 521, 528（27张/6.018页） | 计划：42, 51, 71, 77, 98, 108, 242, 255, 265, 274, 297, 344, 350, 352, 364, 369, 373, 386, 393, 403, 406, 413, 431, 456, 504, 541, 555（27张/5.692页；低于0.9T：单格均衡为优化项；当前分配优先满足整日容量与同卡不重复） | 32.003 |
| D6 | 2026-07-15 | 计划：20, 99, 136, 140, 151, 168, 170, 203, 218, 239, 241, 252, 270, 297, 318, 326, 364, 403, 406, 413, 431, 439, 456, 488, 491, 495, 519, 523, 544, 550, 555（31张/6.021页） | 计划：5, 23, 61, 86, 116, 141, 143, 175, 178, 182, 187-188, 199, 243, 246, 261, 275, 277, 293, 301, 303, 355, 363, 375-376, 405（26张/5.684页；低于0.9T：单格均衡为优化项；当前分配优先满足整日容量与同卡不重复） | 计划：7, 52, 57, 98, 100, 105, 146, 164, 171, 181, 219-220, 228, 232, 256, 279, 281, 285, 333, 362, 377, 397, 408, 424（24张/6.397页） | 计划：28, 54, 65, 69, 92, 117, 129, 174, 184, 195, 231, 258, 262, 272, 288, 306, 336, 404, 480-481, 493, 501, 506, 538, 540, 543（26张/5.238页；低于0.9T：单格均衡为优化项；当前分配优先满足整日容量与同卡不重复） | 计划：34, 44, 68, 78, 111, 119, 121, 124, 227, 249, 260, 286-287, 294, 299, 305, 308, 321, 323, 351, 380, 391-392, 423, 444, 454, 472, 474-476, 492, 511, 514, 528（34张/8.663页） | 32.003 |
| D7 | 2026-07-16 | 计划：7, 37, 40, 69, 78, 95, 146, 158, 180, 231, 234, 251, 272, 284, 308, 330, 339, 350, 362, 373, 386, 391, 409, 462, 470, 475-476, 489, 515, 529, 533, 552, 557（33张/9.327页） | 计划：49, 82, 90, 100, 108, 121, 149, 151, 201, 206, 221, 253, 256, 262, 295, 347, 368, 381, 412, 464, 490, 516（22张/5.526页；低于0.9T：单格均衡为优化项；当前分配优先满足整日容量与同卡不重复） | 计划：18, 20, 47, 51, 56, 74, 77, 81, 86, 104, 106, 109, 129, 131, 138, 143, 153, 162, 182, 208, 214-215, 287, 321, 337, 351, 372, 375, 394, 402, 410, 423, 427-428, 445-446（36张/6.675页） | 计划：22, 32, 34, 39, 46, 64, 133, 166, 179, 233, 243, 292, 294, 320, 342, 425, 461, 471（18张/3.846页；低于0.9T：单格均衡为优化项；当前分配优先满足整日容量与同卡不重复） | 计划：2, 16, 25, 31, 38, 75-76, 248, 279, 285, 289, 301, 312-313, 333-334, 338, 343, 387-388, 396, 398, 408, 440, 452, 455, 479, 488, 502, 519, 521, 523（32张/6.629页） | 32.003 |
| D8 | 2026-07-17 | 计划：15, 30, 81, 91, 94, 101, 127-128, 139, 177, 184, 191, 193, 200, 205, 222, 242, 248-249, 265, 281, 299, 334, 365, 396, 407, 454, 485, 520, 528（30张/5.790页） | 计划：36, 80, 98-99, 136, 167, 170, 204, 218, 239, 241, 270, 272, 297, 326, 330, 364, 406, 413-414, 431, 439, 465, 476, 492, 500, 511, 514（28张/6.530页） | 计划：33, 61, 66, 70, 111, 116, 175, 178, 187, 199, 227, 234, 246, 261, 275, 277, 293, 310, 350, 361, 363, 376, 398, 405, 422, 536, 549（27张/5.837页） | 计划：52, 57, 67, 100, 105, 109, 113, 140, 146, 168, 171, 181, 219-221, 226, 256, 285, 333, 343, 345, 347, 351, 403, 412, 459, 527, 535（28张/6.359页） | 计划：6, 18, 20, 22-23, 27-28, 54, 65, 69, 85, 92, 117, 228, 243, 253, 276, 317, 346, 381, 418, 433, 467, 493, 495, 506, 538, 540, 543（29张/7.491页） | 32.007 |
| D9 | 2026-07-18 | 计划：17-18, 47-48, 51, 98, 100, 104, 108, 121, 130, 153, 159, 206, 214-215, 224, 263, 289, 295, 306, 324, 327, 337, 355-356, 361, 368, 377, 381, 397, 445, 464, 468, 473, 509, 513, 548（38张/9.941页） | 计划：4, 32, 34, 56, 66, 77, 102, 106, 109, 129, 131, 138, 192, 208, 226, 233, 255, 280, 331, 410, 416, 428, 446, 469, 478, 489, 512, 518（28张/4.589页；低于0.9T：单格均衡为优化项；当前分配优先满足整日容量与同卡不重复） | 计划：25, 27, 31, 64, 67, 83, 133, 148, 160, 166, 282, 294, 314, 320, 329, 352-353, 374, 400, 426, 438（21张/6.146页） | 计划：5, 43, 75-76, 87-88, 132, 135, 165, 182, 207, 217, 236-237, 264, 283, 290, 304, 315, 325, 405, 409, 414-415, 448, 455, 462, 470, 479, 490, 499, 502, 523, 550（34张/7.564页） | 计划：13, 53, 60, 63, 96, 103, 223, 245, 251, 262, 270, 303, 362, 401, 421, 439, 465, 500, 515, 529, 534, 546, 552（23张/5.519页；低于0.9T：单格均衡为优化项；当前分配优先满足整日容量与同卡不重复） | 33.759 |
| D10 | 2026-07-19 | 计划：33, 132-133, 135, 164, 196, 210, 225, 274, 294, 298, 312, 323, 385, 425, 449, 521, 526, 541（19张/3.534页；低于0.9T：单格均衡为优化项；当前分配优先满足整日容量与同卡不重复） | 计划：13, 42, 45, 55, 60, 63, 65, 93, 103, 113, 123, 155, 177, 191, 198, 230, 250, 258, 278, 346, 362, 393（22张/3.507页；低于0.9T：单格均衡为优化项；当前分配优先满足整日容量与同卡不重复） | 计划：10, 29, 38, 41, 43, 49-50, 71, 84, 89-91, 94-95, 122, 126, 137, 142, 144, 154, 157, 169, 204, 211, 213, 244, 249, 253, 380, 412, 419, 442, 531, 546, 548, 552-553（37张/5.880页） | 计划：1, 14, 44, 70, 101, 120, 127, 149, 151, 234, 279, 407, 420, 424, 426, 438, 446, 466, 468, 498, 508, 516, 524-525, 533, 547（26张/15.426页） | 计划：37, 229, 233, 254, 264, 267, 273, 275, 292, 307, 316, 322, 326, 328-329, 332, 335, 345, 348, 353, 356, 360, 367, 370-372, 378, 390, 441, 471（30张/6.853页） | 35.199 |
| D11 | 2026-07-20 | 计划：10, 42, 60, 63, 65, 75-76, 103, 123, 155, 186, 207, 211, 247, 264, 267, 273, 292, 300, 302, 305, 335, 341, 353, 360, 371, 441, 444, 451（29张/4.758页；低于0.9T：单格均衡为优化项；当前分配优先满足整日容量与同卡不重复） | 计划：12, 29, 38, 41, 43-44, 84, 89, 94-95, 137, 142, 154, 157, 183, 185, 197, 244, 274, 282, 316, 323, 329, 372, 380, 385, 390, 419, 449, 455, 486（31张/5.980页） | 计划：1, 13-14, 73, 93, 114, 152, 172, 176, 179, 190, 194, 210, 229-230, 295, 340, 348, 370, 393, 425, 436, 524-525, 533, 547（26张/15.777页） | 计划：37, 45, 72, 82, 90-91, 107, 118, 158, 187, 222, 225, 303, 312-313, 350, 401, 453, 469, 483, 503, 505, 509, 532, 539, 542, 551, 554, 556（29张/5.031页；低于0.9T：单格均衡为优化项；当前分配优先满足整日容量与同卡不重复） | 计划：258, 309, 315, 324, 337, 379, 383, 395, 399, 416, 420, 426, 428, 438, 478, 508, 526, 549（18张/3.649页；低于0.9T：单格均衡为优化项；当前分配优先满足整日容量与同卡不重复） | 35.196 |
| D12 | 2026-07-21 | 计划：12-13, 29, 36, 38, 41, 44, 89, 93, 102, 113, 129, 154, 157, 167, 197, 229, 244, 254, 307, 315, 322, 328, 370, 379-380, 393, 419-420, 426, 486, 508, 525, 547（34张/8.166页） | 计划：1, 14, 67, 74, 83, 85, 91, 111, 152, 166, 172, 190, 194, 264, 267, 292, 312, 335, 340, 348, 353, 425, 433, 436, 487（25张/14.825页） | 计划：37, 68, 107, 134, 139, 141, 149, 161, 191, 202, 209, 217, 225, 278, 296, 299-300, 303, 313, 323, 346, 371, 392, 522, 550, 554, 556（27张/4.795页；低于0.9T：单格均衡为优化项；当前分配优先满足整日容量与同卡不重复） | 计划：49-50, 55, 59, 62, 71, 103, 110, 112, 122, 164, 173, 274, 339, 429, 439, 484, 489, 491, 494, 497, 510, 517, 526, 529（25张/2.804页；低于0.9T：单格均衡为优化项；当前分配优先满足整日容量与同卡不重复） | 计划：39, 46, 84, 86, 94-95, 252, 282, 341, 385, 410, 427, 435, 442, 445-446, 451, 458, 468, 503, 512, 524（22张/4.607页；低于0.9T：单格均衡为优化项；当前分配优先满足整日容量与同卡不重复） | 35.196 |
| D13 | 2026-07-22 | 计划：11, 22, 45, 72-73, 96, 119, 126, 173, 235, 257, 260, 276, 286, 309, 317, 343, 421, 433-434, 492, 497, 500, 514, 522, 538, 540, 543（28张/5.644页；低于0.9T：单格均衡为优化项；当前分配优先满足整日容量与同卡不重复） | 计划：6, 8, 15, 21, 30, 50, 79, 81, 97, 101, 127-128, 139, 158-159, 163, 193, 200, 203, 205, 242, 248-249, 252, 263, 299, 308, 318, 334, 342, 401, 407, 415, 437, 454, 462, 493, 504, 506, 510（40张/8.840页） | 计划：24, 26, 48, 85, 99, 102, 136, 170, 197, 218, 239, 241, 265, 270, 289, 297, 324, 326, 388, 413, 439, 520, 544（23张/5.332页；低于0.9T：单格均衡为优化项；当前分配优先满足整日容量与同卡不重复） | 计划：9-10, 17, 33, 36, 61, 66, 83, 104, 111, 116, 167, 178, 238, 271, 275, 337, 341, 348, 417, 463, 477, 482, 496, 545, 549（26张/6.886页） | 计划：12, 52, 57, 67, 100, 109, 230, 268, 281, 366, 384, 402, 404, 412, 422, 429, 443, 448, 459, 480-481, 486-487, 527, 535-536（26张/8.493页） | 35.196 |
| D14 | 2026-07-23 | 计划：6, 8, 21, 27, 67, 74, 85, 97, 111, 150, 162, 166, 194, 216, 220, 259, 262, 291, 314, 320, 332, 336, 345, 358, 374, 401-402, 418, 422, 429, 435, 448, 478（33张/11.414页） | 计划：24, 31, 35, 68, 71, 88, 107, 122, 202, 209, 213, 237, 269, 290, 302, 304-305, 311, 322, 324-325, 338, 379, 421, 444, 503（26张/5.078页；低于0.9T：单格均衡为优化项；当前分配优先满足整日容量与同卡不重复） | 计划：9, 17, 19, 53, 55, 59, 62, 110, 112, 125, 165, 189, 212, 250, 257, 263, 266-267, 273, 283, 309, 315, 319, 344, 349, 365, 404, 433, 526, 529, 534（31张/7.245页） | 计划：2, 15, 48, 58, 80, 115, 134, 139, 141, 144, 156, 160-161, 190, 229, 260, 276, 282, 289, 299, 307, 419, 427, 442-443, 458, 537（27张/6.064页） | 计划：79, 235-236, 318, 355, 389, 397, 411, 417, 432, 437, 447, 453, 463, 483-484, 491, 494, 497-498, 513, 516-517, 520, 530, 545, 553（27张/5.398页；低于0.9T：单格均衡为优化项；当前分配优先满足整日容量与同卡不重复） | 35.199 |
| D15 | 2026-07-24 | 计划：25-26, 31, 34, 43, 55, 68, 71, 107, 160, 192, 223, 226, 236, 250, 268, 331, 354, 357, 367, 378, 383-384, 389, 410, 437, 453, 487, 512（29张/8.074页） | 计划：9, 17, 27, 46, 62, 110, 112, 134, 150, 165, 179, 224, 259, 266, 300, 314, 327, 336, 345, 352, 358, 374, 382, 418, 420, 435, 451, 459, 501, 513（30张/9.123页） | 计划：4, 15-16, 45, 58, 82, 88, 97, 115, 159, 235, 237, 269, 290, 292, 298, 302, 304-305, 307, 317, 401, 444（23张/6.404页） | 计划：8, 12, 19, 53, 102, 155, 172, 177, 185, 188-189, 196, 198, 202, 204, 209, 213, 295, 297, 319, 324, 423, 428, 447, 450, 465, 473, 495, 515, 534（30张/5.343页；低于0.9T：单格均衡为优化项；当前分配优先满足整日容量与同卡不重复） | 计划：24, 29, 41, 70, 80, 99, 244, 291, 306, 310, 320, 361, 400, 419, 457, 460, 477, 489, 499, 505, 509, 531-533, 539, 542, 548, 551, 554, 556-557（31张/6.252页） | 35.196 |
| D16 | 2026-07-25 | 计划：9, 62, 88, 110, 112, 122, 134, 148, 179, 185, 202, 209, 213, 232, 269, 278, 290, 310, 338, 352, 382, 394-395, 411, 417, 428, 432, 447, 457-458, 463, 480, 503, 539, 542, 545, 551（37张/7.029页） | 计划：19, 26, 58, 87, 96, 114-115, 125, 169, 189, 212, 235, 238, 240, 271, 283, 298, 309, 332, 344, 359, 365, 367, 369, 378, 383, 389, 402, 422, 429, 471, 483, 498-499（34张/7.904页） | 计划：2, 6, 8, 21, 72, 80, 118, 124, 145, 147, 155-156, 163, 173, 188, 196, 236, 242, 245, 254, 259, 284, 291, 311, 316, 322, 325, 448, 523（29张/8.443页） | 计划：24, 30, 35, 40, 79, 126, 150, 180, 200, 203, 216, 230, 250, 255, 263, 266, 273, 328, 437, 460, 518, 531（22张/5.543页；低于0.9T：单格均衡为优化项；当前分配优先满足整日容量与同卡不重复） | 计划：17, 33, 82, 120, 226, 280, 302, 314, 319, 340, 347, 354, 357, 374, 436, 461, 464, 466, 507, 537, 544（21张/6.277页） | 35.196 |
| D17 | 2026-07-26 | 计划：16, 19, 39, 56, 66, 77, 87, 106, 109, 125, 131, 138, 181, 190, 208, 212, 230, 253, 283, 311, 325, 344, 347, 359, 369, 415-416, 427, 436, 438, 442-443, 450, 461, 466, 511, 531-532（38张/7.133页） | 计划：2, 25, 54, 64, 133, 144, 147-148, 156, 161, 173, 217, 232, 288, 294, 310, 357, 366, 394-395, 398-399, 411, 417, 432, 434, 447-448, 452, 456, 460, 463, 472, 494, 507, 517（36张/7.916页） | 计划：11, 22, 40, 75-76, 132, 135, 180, 200, 207, 216, 224, 238, 240, 271, 308, 332, 338, 343, 373, 407, 421, 528, 537, 557（25张/6.448页） | 计划：6, 60, 63, 96-97, 114, 123, 142, 145, 183, 201, 223, 235, 242, 245, 254, 257, 259, 261, 268-269, 277, 280, 284, 291, 402, 464, 500, 530, 544, 553（31张/9.024页） | 计划：8-9, 26, 30, 35, 58, 256, 278, 295, 377, 430, 469, 473, 482（14张/4.677页；低于0.9T：单格均衡为优化项；当前分配优先满足整日容量与同卡不重复） | 35.199 |
| D18 | 2026-07-27 | 计划：14, 35, 58, 156, 172, 183, 258, 282, 316, 329, 348, 372, 399, 460, 483, 498-499, 506, 524, 530, 535-536, 549, 556（24张/3.811页；低于0.9T：单格均衡为优化项；当前分配优先满足整日容量与同卡不重复） | 计划：33, 59, 118, 124, 196, 211, 225, 229, 254, 257, 273, 315, 328, 360, 370-371, 426, 453, 457-458, 491, 496-497, 505, 508-509（26张/5.668页；低于0.9T：单格均衡为优化项；当前分配优先满足整日容量与同卡不重复） | 计划：12, 44, 158, 177, 198, 264, 274, 312, 335-336, 345, 379, 383, 389, 417-418, 434-435, 447, 449, 532, 551（22张/3.245页；低于0.9T：单格均衡为优化项；当前分配优先满足整日容量与同卡不重复） | 计划：13, 29, 38, 84, 89, 93-95, 99, 128, 152, 154, 157, 176, 191, 193, 197, 205, 244, 248, 251, 253, 265, 267, 298, 305, 323, 332, 334, 340, 346, 451, 478（33张/7.046页） | 计划：1, 3, 36, 45, 49-50, 55, 83, 90-91, 101-102, 104, 110, 113, 115, 123, 237, 241, 247, 250, 349, 358, 365, 407, 424, 525, 547（28张/15.426页） | 35.196 |
| D19 | 2026-07-28 | 计划：24, 50, 59, 114-115, 118, 124, 163, 169, 198, 237-238, 240, 271, 288, 366, 390, 398, 455, 459, 471-472, 477, 493, 504, 507, 527, 546, 554（29张/5.978页） | 计划：11, 22, 72-73, 119, 126, 145, 160, 265, 284, 289, 307, 319, 343, 373, 400, 443, 450, 461, 467, 480（21张/6.890页） | 计划：30, 35-36, 79, 96, 101, 120, 127-128, 167, 193, 201, 203, 205, 223, 248, 255, 268, 327, 334, 339, 342, 354, 364, 384, 406, 415, 429, 431, 437, 440, 542, 545（33张/8.895页） | 计划：26, 41, 85, 136, 170, 175, 199, 218, 239, 241, 246, 249, 293, 296, 301, 308-309, 311, 326, 335, 338, 353, 411, 421-422, 433, 436, 441, 457, 486-487, 513, 520, 536（34张/6.929页） | 计划：4-5, 14-15, 40, 47-48, 61, 66, 105, 116, 232, 259, 263, 269, 283, 290, 298, 300, 325, 336, 359, 485, 496, 510, 522（26张/6.505页） | 35.197 |
| D20 | 2026-07-29 | 计划：23, 32, 54, 64, 83, 142, 144-145, 152, 161, 165, 217, 233, 256, 280, 319, 340, 400, 404, 424, 446, 469, 494, 505, 517, 553（26张/5.003页） | 计划：10, 16, 39, 48, 52, 75-76, 132, 135, 164, 207, 223, 236, 260, 268, 276, 286, 341, 354, 384, 427, 438, 441-442, 466, 473, 477, 481, 484（29张/8.127页） | 计划：42, 60, 63, 87, 103, 123, 150, 183, 185, 252, 318, 328, 357-360, 367, 369, 378, 385, 390, 395, 399, 420, 432, 443（26张/5.867页） | 计划：4, 11, 25, 137, 147-148, 159, 163, 169, 194, 210-212, 224, 278, 300, 302, 316, 322, 327, 329, 344, 349, 410, 416, 430, 445, 449, 472, 492, 507, 512, 546, 548, 552, 557（36张/8.386页） | 计划：19, 59, 72, 89, 93, 97, 107, 112, 114, 118, 122, 125, 238, 240, 271-272, 288, 296, 311, 330-331, 342, 368, 382, 394, 414, 518（27张/7.817页） | 35.199 |
