# 合并场景12：合并从未学习的连续 5 张卡片

## 出现了什么意外

- D1、D2 全部完成。
- D3 前，把尚无完成记录的当前 100-104 共 5 张连续子卡合并为一张父卡。

## 合并语义

- 子卡完成时序号：100-104
- 保留父卡当前序号：100
- 父卡有效页数：0.148197 页，等于 5 张子卡有效页数之和。
- 子卡身份保留在历史账本中，但生命周期变为 deleted，并指向保留父卡。
- 每个复习列只保留一个父卡 occurrence；已完成子卡历史不回写，未完成子卡 occurrence 全部取消。

## 验收结果

- 结论：通过
- 硬约束失败：0
- 无理由低负载单元格：0
- 无理由日总量偏差：0
- 锁定历史保持不变：是
- 父卡 occurrence：5/5
- 仍在未来计划中的子卡 occurrence：0
- 父卡超过7.04页时独占任务包：否
- 相同输入重放一致：是
- 最终计划日：D20

## 最终计划表

历史子卡直接标注“原序号…已合并至当前卡…”，未来计划只显示保留父卡的当前序号。

| 学习日 | 日期 | 新学 | 1日复习 | 3日复习 | 7日复习 | 15日复习 | 当日总页数 |
| --- | --- | --- | --- | --- | --- | --- | --- |
| D1（D1 全部完成） | 2026-07-10 | 实绩：1-34（34张/6.202页） | 实绩：560-597；其余当前序号556-593（38张/6.402页） | 实绩：490-516；其余当前序号486-512（27张/6.050页） | 实绩：394-413；其余当前序号390-409（20张/6.305页） | 实绩：166-207；其余当前序号162-203（42张/6.426页） | 31.385 |
| D2（D2 全部完成） | 2026-07-11 | 实绩：35-45（11张/6.554页） | 实绩：1-34（34张/6.202页） | 实绩：517-559；其余当前序号513-555（43张/6.300页） | 实绩：414-440；其余当前序号410-436（27张/6.285页） | 实绩：208-262；其余当前序号204-258（55张/6.523页） | 31.864 |
| D3（异常：原卡100-104合并为父卡） | 2026-07-12 | 计划：46, 61, 85, 95, 104, 109, 112, 115, 143-144, 146, 156, 177, 194, 212, 222, 234, 271-272, 293, 320, 344, 409, 441, 444, 463, 480-481, 490, 492, 505, 511, 534（33张/6.831页） | 计划：50, 53-54, 56, 64, 72, 91, 129, 151, 161, 168, 173, 183, 190, 261, 263, 306, 348, 373-374, 413, 429, 449, 496, 518-519, 523, 546（28张/6.561页） | 计划：2, 5, 23, 58, 60, 69, 77, 99, 106, 140, 197, 279, 290, 353-354, 389, 408, 435, 439, 556, 563-564, 568, 573, 580-581, 584, 586（28张/7.071页） | 计划：81-82, 90, 96, 166, 172, 185, 191, 227, 229, 238, 254-256, 258, 270, 311, 318-319, 339, 365, 375-376, 437, 445, 452, 461, 486, 489（29张/6.524页） | 计划：14, 27, 63, 73, 102, 133, 147, 158, 267, 269, 277, 283, 296-297, 337, 345, 368-369, 417, 420, 423, 457, 472, 475, 517, 537, 565（27张/5.017页；低于0.9T：单格均衡为优化项；当前分配优先满足整日容量与同卡不重复） | 32.003 |
| D4 | 2026-07-13 | 计划：69, 88, 91, 103, 110, 113, 120, 126, 153, 176, 178, 182, 190, 205, 225, 249, 264-265, 296, 299, 304-305, 309, 329, 345, 368, 447, 475, 488, 510, 521, 589（32张/7.666页） | 计划：41, 57, 61, 70, 79, 104, 109, 112, 127, 131, 143-144, 146, 156, 177, 194, 222, 234, 258, 293, 301, 326, 344, 355, 362, 400, 409, 431, 457, 480-481, 492, 505, 517, 540, 550（36张/7.823页） | 计划：7, 16, 20, 24, 29, 40, 44, 86, 101, 151, 187, 297, 328, 356-357, 373-374, 387, 413, 429, 449, 455, 571（23张/5.524页；低于0.9T：单格均衡为优化项；当前分配优先满足整日容量与同卡不重复） | 计划：5, 55, 58, 73, 106, 125, 451, 460, 464, 466-469, 471-473, 476-477, 514, 519, 529, 555, 559, 568（24张/3.325页；低于0.9T：单格均衡为优化项；当前分配优先满足整日容量与同卡不重复） | 计划：1, 52, 82, 96, 155, 268, 282, 285, 287, 294-295, 307-308, 320, 332, 363, 389, 391-392, 398, 424, 437, 444, 448, 462, 489, 538-539, 545, 552（30张/7.664页） | 32.003 |
| D5 | 2026-07-14 | 计划：48, 50, 87, 92, 105, 111, 114, 117, 167, 170, 174, 181, 199, 209, 240, 252, 268, 277, 283, 337, 350, 369-370, 372, 391-392, 398, 417, 423, 501, 519, 523, 546, 550, 583（35张/5.222页；低于0.9T：单格均衡为优化项；当前分配优先满足整日容量与同卡不重复） | 计划：68-69, 95, 113, 115, 126, 182, 184, 205, 214, 235, 249, 265, 271, 294, 304-305, 309, 317, 320, 329, 345, 361, 368, 411, 447, 462, 510-511, 531, 538-539, 545（33张/9.679页） | 计划：56, 70, 91, 112, 127, 144, 156, 169, 177, 190, 258, 293, 301, 326, 330, 347, 355, 400, 432-433, 457, 480（22张/5.559页；低于0.9T：单格均衡为优化项；当前分配优先满足整日容量与同卡不重复） | 计划：23-25, 35, 41, 67, 101, 130, 164, 212, 279, 297, 357-358, 387-388, 485, 494-495, 508, 512, 515, 542-543, 549, 563, 571, 586（28张/7.296页） | 计划：20-21, 55, 79, 90, 94, 141, 264, 302, 319, 327, 331, 338-339, 362, 365, 374, 416, 425, 471, 473, 476, 502, 529, 540, 555, 580（27张/4.247页；低于0.9T：单格均衡为优化项；当前分配优先满足整日容量与同卡不重复） | 32.003 |
| D6 | 2026-07-15 | 计划：53-54, 56, 67-68, 75, 84, 129, 175, 211, 226-227, 230, 255, 261, 275, 279, 282, 285, 332, 338, 389, 424-425, 433, 450, 457, 462, 476, 502, 509, 518, 545, 561（34张/9.288页） | 计划：37, 85, 92, 116-117, 153, 170, 178, 209, 225, 268-269, 283, 310, 337, 342, 372, 378, 391-392, 396, 398, 417, 423, 444, 463, 473, 488, 490, 516, 529, 537, 552（33张/5.166页；低于0.9T：单格均衡为优化项；当前分配优先满足整日容量与同卡不重复） | 计划：31, 35, 41, 46, 59, 65, 72, 104, 108-109, 113, 133, 143, 146, 150, 161, 168, 173, 183, 185, 194, 205, 222, 234, 249, 259, 262, 265, 288-289, 304, 309, 341, 362, 365, 368, 557（37张/10.011页） | 计划：99, 121, 140, 151, 184, 224, 303, 355, 499, 501, 506-507, 511, 522, 528, 530, 573, 584（18张/2.969页；低于0.9T：单格均衡为优化项；当前分配优先满足整日容量与同卡不重复） | 计划：23, 81, 120, 271-272, 278, 313, 334, 350, 352, 364, 385, 395, 399, 426, 430, 434, 451, 464, 508, 568, 571, 586（23张/4.569页；低于0.9T：单格均衡为优化项；当前分配优先满足整日容量与同卡不重复） | 32.003 |
| D7 | 2026-07-16 | 计划：93, 119, 124, 127, 137, 159, 164, 218, 220-221, 228, 236, 278, 295, 319, 331, 334, 352, 363, 385, 387, 399, 407, 418, 472, 513, 531（27张/6.519页） | 计划：40, 44, 75, 84, 87, 110-111, 114, 167, 174-176, 193, 211, 226-227, 230, 255, 264, 267, 282, 298-299, 312, 332, 349, 370, 395, 426, 430, 440-441, 451, 464, 544（35张/7.470页） | 计划：11, 37, 48, 54, 57, 61, 64, 68, 79, 85, 115, 117, 120, 126, 240, 248, 261, 263, 269, 271, 283, 285, 338, 344-345, 348, 361, 425, 431, 476, 558, 585（32张/8.649页） | 计划：29, 62, 104, 113, 161, 169, 173, 209, 225, 265, 290, 326, 330, 337, 347, 362, 368, 372, 493, 518, 547, 551, 556, 561, 564, 567, 575, 581, 587（29张/5.437页；低于0.9T：单格均衡为优化项；当前分配优先满足整日容量与同卡不重复） | 计划：72, 144, 280, 304, 309, 335, 353, 358, 367, 371, 376, 452, 460, 499, 506-507, 514-515, 522, 530, 573, 584（22张/3.929页；低于0.9T：单格均衡为优化项；当前分配优先满足整日容量与同卡不重复） | 32.003 |
| D8 | 2026-07-17 | 计划：51, 64, 80, 123, 134, 162, 169, 200, 210, 239, 242, 250, 258, 276, 280, 302, 335, 358, 367, 371, 377, 459, 499, 506-507, 552, 573, 584（28张/5.396页；低于0.9T：单格均衡为优化项；当前分配优先满足整日容量与同卡不重复） | 计划：35, 46, 78, 103, 124, 164, 212, 218, 220-221, 278-279, 307, 334, 350-351, 383, 385, 399, 416, 418, 445, 450, 475, 501, 509, 515, 522, 530, 549（30张/7.931页） | 计划：3-4, 6, 19, 42, 84, 87, 111, 114, 131, 153, 167, 174-176, 193, 211, 226, 230, 255, 267, 282, 296, 299, 305-306, 313, 332, 395, 424, 451, 464, 567, 570, 575, 587（36张/5.226页；低于0.9T：单格均衡为优化项；当前分配优先满足整日容量与同卡不重复） | 计划：11, 20, 52, 54, 65, 68, 85, 108-109, 122, 133, 168, 170, 196, 248, 259, 269, 283, 389, 446, 448, 454, 492, 510, 513, 531, 558, 585（28张/7.390页） | 计划：24, 29, 45, 104, 113, 116, 140, 161, 262, 315, 323, 346, 360, 387, 397, 469, 477, 485, 511, 551, 559, 564, 581（23张/6.059页） | 32.002 |
| D9 | 2026-07-18 | 计划：57, 72, 151, 161, 168, 173, 183-184, 188, 294, 301, 306, 313, 317, 360, 374, 384, 400, 411, 413, 420, 489, 496, 508, 524, 581（26张/6.275页） | 计划：48, 59, 108, 140, 150, 197, 275-276, 328, 353-354, 356, 363, 387, 435, 446, 459, 498, 554（19张/4.764页；低于0.9T：单格均衡为优化项；当前分配优先满足整日容量与同卡不重复） | 计划：81-82, 92, 116, 121, 158, 163, 166, 172, 191, 204, 224, 229, 238, 254, 256, 264, 298, 303, 307, 319-320, 342, 351, 369, 378, 407, 418, 444, 473-474（31张/6.327页） | 计划：2, 14, 27, 40, 44, 61, 63-64, 69, 77, 100, 102, 160, 171, 199, 217, 231-232, 237, 243-244, 271, 274, 277, 281, 288-289, 299, 312, 323, 336, 373, 379, 455-456, 475, 517, 535, 537, 539, 545, 565, 572, 580（44张/10.381页） | 计划：16, 30, 58, 62, 76, 83, 97, 136, 139, 148, 152, 154, 293, 370, 372, 409, 445, 461, 463, 490, 513, 516, 518, 523, 589（25张/4.254页；低于0.9T：单格均衡为优化项；当前分配优先满足整日容量与同卡不重复） | 32.001 |
| D10 | 2026-07-19 | 计划：63, 267, 269, 297, 307-308, 327, 347, 362, 395, 416, 426, 430, 437, 445, 451, 460, 464, 471, 516-517, 529, 538-540, 554, 568, 571, 580, 586（30张/5.352页；低于0.9T：单格均衡为优化项；当前分配优先满足整日容量与同卡不重复） | 计划：181, 240, 252, 277, 285, 295-296, 338, 386, 389, 424-425, 476, 502, 508, 514, 534, 555（18张/3.698页；低于0.9T：单格均衡为优化项；当前分配优先满足整日容量与同卡不重复） | 计划：170, 178, 196, 209, 225, 270, 294, 329, 337, 363, 372, 392, 398, 402, 409, 417, 423, 428, 441, 446-447, 462-463（23张/5.185页；低于0.9T：单格均衡为优化项；当前分配优先满足整日容量与同卡不重复） | 计划：56, 70, 72, 79, 91, 112, 126, 143-144, 146, 156, 158, 163, 177, 179, 190, 194, 205, 222-223, 234, 249, 261, 263-264, 293, 298, 301, 320, 328, 341, 344-345, 348, 354, 356, 369, 374（38张/7.069页） | 计划：5, 19, 25, 35, 40-41, 44, 61, 77, 93, 99-101, 121, 125, 127, 134, 151, 153, 160, 265, 361, 401, 418, 456, 467-468, 486, 505, 510, 519, 542-543, 549, 556, 563（36张/10.700页） | 32.003 |
| D11 | 2026-07-20 | 计划：47, 70, 73, 108, 131, 140, 150, 197, 237, 322, 326, 328, 348, 356, 364, 386, 412, 429, 435, 446, 498, 551, 579, 582（24张/5.546页；低于0.9T：单格均衡为优化项；当前分配优先满足整日容量与同卡不重复） | 计划：58, 65, 67, 81-82, 86, 121, 158, 163, 166, 172, 185, 191, 224, 229, 238, 254, 256, 270, 292, 303, 308, 365, 369, 402, 408, 453, 455, 474, 503, 521, 524（32张/6.253页） | 计划：14, 27, 55, 100, 102, 125, 129, 160, 171, 179, 184, 199, 206, 217, 223, 231-232, 243-244, 257, 281, 314, 318, 333, 336, 339, 375-376, 434, 448, 559-560, 565, 572（34张/6.024页） | 计划：10, 16, 48, 76, 83, 93, 97, 127, 136, 139, 148, 152, 154, 176, 188, 192, 203, 236, 253, 304, 309, 329, 340, 343, 363, 382, 443, 458, 463, 479, 490, 516, 523, 589（34张/8.189页） | 计划：12, 33, 53, 60, 98, 157, 261, 276, 324-325, 344, 388, 400, 413, 441, 450, 496, 501, 509, 512, 550, 554, 593（23张/7.941页） | 33.952 |
| D12 | 2026-07-21 | 计划：82, 107, 118, 130, 136, 147, 149, 155, 157, 171-172, 196, 216, 247, 270, 274, 286, 330, 343, 401, 434, 452, 454, 456, 466, 528, 543, 555, 558（29张/4.615页；低于0.9T：单格均衡为优化项；当前分配优先满足整日容量与同卡不重复） | 计划：51-52, 71, 102, 135, 142, 145, 179, 201-202, 213, 228, 266, 272-273, 280, 291, 300, 322, 331, 367, 377, 460-461, 482, 547（26张/5.579页；低于0.9T：单格均衡为优化项；当前分配优先满足整日容量与同卡不重复） | 计划：18, 22, 47, 53, 89, 94, 110, 122, 138, 180, 192, 214, 219, 235, 250, 302, 310, 315, 359-360, 366, 394, 453, 578, 583, 592（26张/6.439页） | 计划：6, 8, 28, 38, 42, 49, 60, 75, 80, 88, 95, 98, 119, 123, 128, 137, 162, 178, 252, 260, 292, 313-314, 321, 438, 487-488, 496, 520, 527, 533, 541, 557, 562, 576-577, 588, 591（38张/9.161页） | 计划：2, 4, 32, 70, 143, 146, 279, 284, 298, 305, 349, 356, 380-382, 386, 396, 403, 414, 428, 432, 436, 442-443, 465, 474, 484, 493, 497（29张/9.406页） | 35.199 |
| D13 | 2026-07-22 | 计划：52, 71, 74, 102, 141-142, 158, 179, 201-202, 213, 215, 238, 245, 260, 266, 273, 312, 316, 340, 357, 380-381, 388, 403-404, 442-443, 467, 500, 563, 565（32张/4.955页；低于0.9T：单格均衡为优化项；当前分配优先满足整日容量与同卡不重复） | 计划：89, 94, 120, 122, 160, 165, 180, 192, 208, 248, 251, 259, 262, 284, 321, 336, 384, 420, 456, 468, 471, 485, 542（23张/4.702页；低于0.9T：单格均衡为优化项；当前分配优先满足整日容量与同卡不重复） | 计划：38, 49, 62, 80, 88, 95, 98, 118, 123, 132, 148, 154, 216, 246, 253, 274, 280, 291, 300, 324, 327, 367, 377, 386, 481, 484, 561, 566, 569（29张/9.345页） | 计划：13, 15, 17-18, 32, 37, 39, 43, 45, 78, 86, 105, 107, 116, 124, 135, 138, 149, 195, 200, 214, 240, 250, 285, 333, 462, 465, 470, 474, 478, 502-503, 578, 590, 592（35张/7.962页） | 计划：6, 34, 36, 42, 66, 69, 106, 112, 156, 299, 343, 347, 393-394, 406, 415, 419, 422, 429, 439, 487-488, 520, 532, 548, 553, 557, 570, 572（29张/8.236页） | 35.199 |
| D14 | 2026-07-23 | 计划：60, 121, 125, 160, 163, 166, 180, 185, 206, 214, 224, 235, 256, 290, 298, 303, 336, 353, 365, 373, 376, 393-394, 415, 436, 544, 556, 591（28张/7.038页） | 计划：47, 49, 93, 98, 130, 148, 154, 188, 196, 199, 204, 217, 223, 231-232, 236, 243-244, 246, 253, 297, 318-319, 340-341, 357, 382, 401, 407, 469, 472（31张/7.462页） | 计划：12, 15, 25, 45, 51, 63, 74, 76, 90, 97, 107, 139, 149, 189, 203, 207, 228, 233, 241, 247, 272, 287, 312, 335, 349, 358, 371, 411, 420, 426, 440, 460（32张/5.880页） | 计划：1, 9, 30, 53, 71, 120, 132, 141, 159, 198, 218, 245, 291, 294, 300, 324, 359, 361, 377, 439, 457, 484, 538, 553-554, 582（26张/8.687页） | 计划：13, 43, 128, 260, 306, 328-329, 333, 375, 378, 384, 421, 427, 435, 447, 449, 453, 455, 478, 480-481, 483, 491, 504, 524-527, 533, 546, 561（31张/6.133页） | 35.199 |
| D15 | 2026-07-24 | 计划：49, 62, 89, 98, 122, 148, 154, 191, 217, 223, 229, 231-232, 243-244, 253-254, 257, 259, 288-289, 292, 341, 405-406, 408, 421-422, 427, 465, 487, 497, 512, 536, 557, 585（36张/9.354页） | 计划：38, 73-74, 76-77, 88, 90, 97, 107, 139, 149, 189, 203, 237, 274, 281, 287, 311, 324-325, 366, 379-380, 388, 415, 436, 527, 533（28张/7.282页） | 计划：1, 9, 13, 66, 71, 83, 159, 164, 182, 195, 198, 273, 308, 316, 322-323, 383-384, 469, 478, 589（21张/5.485页；低于0.9T：单格均衡为优化项；当前分配优先满足整日容量与同卡不重复） | 计划：31, 51, 92, 131, 134, 157, 183, 197, 201, 207, 213, 215, 233, 241-242, 246-247, 272, 280, 335, 364, 367, 371, 386, 447, 449, 453, 480-481, 483, 491, 504, 525-526, 544, 546, 552, 583, 593（39张/7.395页） | 计划：3, 15, 26, 37, 86, 303, 310, 336, 342, 355, 357, 373, 410, 412, 438, 458, 470, 482, 498, 528, 566, 569, 582（23张/5.680页；低于0.9T：单格均衡为优化项；当前分配优先满足整日容量与同卡不重复） | 35.196 |
| D16 | 2026-07-25 | 计划：83, 94, 96-97, 128, 145, 152, 291, 410, 414, 419, 428, 438, 494-495, 537, 547, 567, 570, 575, 587（21张/4.111页；低于0.9T：单格均衡为优化项；当前分配优先满足整日容量与同卡不重复） | 计划：138, 186, 195, 219, 315, 323, 339, 371, 381, 390, 403, 405-406, 433-434, 437, 442-443, 452, 454, 458, 465-466, 477, 487, 532（26张/7.242页） | 计划：21, 28, 30, 105, 119, 134, 137, 162, 200, 210, 239, 242, 275, 325, 331, 364, 380, 396, 399, 412, 430, 456, 471, 482, 485, 574, 579, 591（28张/4.900页；低于0.9T：单格均衡为优化项；当前分配优先满足整日容量与同卡不重复） | 计划：34, 46, 57, 59, 103, 115, 181, 204, 216, 220-221, 235, 262, 268, 278, 282, 302, 310, 332, 334, 338, 342, 346, 350, 384-385, 440, 548（28张/7.971页） | 计划：8, 11, 17, 31, 39, 54, 64, 75, 78, 80, 84, 87-88, 111, 114, 123-124, 129, 266, 270, 273-274, 286, 311, 314, 321-322, 330, 340, 359, 366, 459, 479, 535-536, 560, 562, 576-578, 585, 588, 590, 592（44张/10.973页） | 35.196 |
| D17 | 2026-07-26 | 计划：65, 100, 135, 138, 186, 195, 219, 262, 315, 339, 361, 397, 468-469, 477, 479, 483, 485-486, 514-515, 522, 530, 549, 564, 593（26张/6.632页） | 计划：42, 63, 80, 105, 119, 123, 132, 137, 162, 169, 200, 210, 239, 242, 250, 302, 313, 327, 335, 347, 358, 364, 412, 428, 438, 499, 506-507, 543, 551（30张/6.403页） | 计划：8, 17, 34, 39, 50, 75, 78, 103, 124, 181, 212, 218, 220-221, 252, 268, 278, 292, 334, 350, 385, 390-391, 416, 437, 445, 458, 461, 475, 562, 576-577, 588（33张/9.453页） | 计划：4, 7, 19, 84, 87, 111, 114, 129, 153, 167, 174-175, 187, 193, 206, 211, 226, 230, 257, 267, 296, 325, 378, 442, 450, 459, 497, 524, 532, 536, 560, 570（32张/6.440页） | 计划：9, 46, 48, 57, 68, 85, 91, 108-109, 126, 281, 291, 301, 317, 377, 411, 454, 466, 492, 494-495, 547, 558, 567, 575, 587（26张/6.268页） | 35.196 |
| D18 | 2026-07-27 | 计划：76-78, 81, 90, 139, 189, 193, 203-204, 311, 323-325, 346, 349, 354, 366, 379, 402, 431, 440, 448-449, 453, 458, 470, 482, 491, 493, 559, 562（32张/8.860页） | 计划：66, 99, 101, 106, 134, 159, 198, 207, 233, 241, 247, 257, 360, 410, 414, 419, 421-422, 427, 467, 478, 483, 512-513, 520, 525-526, 535, 553（29张/5.233页；低于0.9T：单格均衡为优化项；当前分配优先满足整日容量与同卡不重复） | 计划：33, 36, 96, 136, 141, 152, 157, 201, 215, 245, 276, 343, 352, 370, 397, 404, 406, 436, 438, 443, 450, 459, 582, 593（24张/6.624页） | 计划：3, 26, 110, 117-118, 142, 145, 147, 150, 155, 165, 182, 186, 208, 251, 266, 273, 275, 284, 286-287, 305-308, 316, 351, 380, 383, 505, 540, 566, 569（33张/6.039页） | 计划：10, 18, 22, 49-51, 56, 59, 65, 67, 71, 115, 122, 130-131, 259, 288-289, 292, 341, 405, 407-408, 500, 531, 534, 541, 574, 579（29张/8.440页） | 35.196 |
| D19 | 2026-07-28 | 计划：58, 66, 79, 86, 106, 165, 192, 208, 241, 248, 251, 263, 281, 284, 287, 318, 321, 359, 390, 455, 503-504, 535, 542, 560, 572, 577-578, 588, 592（30张/6.500页） | 计划：36, 43, 45, 55, 83, 96, 100, 118, 125, 128, 133, 152, 187, 206, 216, 314, 333, 352, 375-376, 394, 397, 432, 439, 448, 470, 479, 484, 486, 493, 500, 541, 548（33张/11.272页） | 计划：10, 67, 93, 130, 135, 142, 145, 147, 155, 186, 188, 236, 260, 286, 340, 346, 381-382, 393, 401, 403, 415, 419, 421-422, 427, 442, 466, 468, 472, 590（31张/5.749页；低于0.9T：单格均衡为优化项；当前分配优先满足整日容量与同卡不重复） | 计划：12, 22, 33, 74, 89, 94, 202, 219, 228, 239, 276, 295, 317, 327, 349, 353, 360, 370, 441, 498, 509, 534, 550, 574, 579（25张/4.863页；低于0.9T：单格均衡为优化项；当前分配优先满足整日容量与同卡不重复） | 计划：7, 28, 47, 110, 117, 119, 132, 137-138, 150, 159, 290, 300, 312, 316, 326, 348, 351, 354, 379, 383, 402, 404, 431, 440, 446, 521, 591（28张/6.812页） | 35.196 |
| D20 | 2026-07-29 | 计划：55, 59, 99, 101, 116, 132-133, 187, 198, 207, 233, 246, 300, 310, 314, 333, 342, 351, 355, 375, 378, 382-383, 396, 432, 439, 461, 473-474, 478, 484, 520, 525-527, 532-533, 541, 548, 553, 566, 569, 574, 576, 590（45张/11.085页） | 计划：39, 60, 62, 136, 141, 147, 155, 157, 171, 215, 245, 260, 286, 288-290, 316, 330, 343, 346, 359, 393, 404, 489, 491, 494-495, 497, 504, 528, 536（31张/6.877页） | 计划：26, 32, 43, 52, 73, 128, 165, 202, 208, 213, 227, 237, 251, 266, 277, 284, 295, 311, 317, 321, 379, 388, 405, 410, 414, 452, 454, 465, 467, 470, 477, 479, 483（33张/8.200页） | 计划：21, 36, 47, 50, 66, 180, 189, 210, 315, 322, 331, 352, 366, 381, 444, 482, 500, 521（18张/4.311页） | 计划：38, 74, 89, 92, 95, 103, 105, 107, 118, 135, 142, 145, 149, 263, 275, 318, 390, 433, 503, 544, 583（21张/4.725页） | 35.199 |
