# 合并场景18：跨任务包形成约 10 页父卡

## 出现了什么意外

- D1、D2 全部完成。
- D3 前，把跨越多个原任务包的当前 263-293 共 31 张子卡合并为一张约 10 页父卡。

## 合并语义

- 子卡完成时序号：263-293
- 保留父卡当前序号：263
- 父卡有效页数：9.927053 页，等于 31 张子卡有效页数之和。
- 子卡身份保留在历史账本中，但生命周期变为 deleted，并指向保留父卡。
- 每个复习列只保留一个父卡 occurrence；已完成子卡历史不回写，未完成子卡 occurrence 全部取消。

## 验收结果

- 结论：未通过
- 硬约束失败：0
- 无理由低负载单元格：0
- 无理由日总量偏差：0
- 锁定历史保持不变：是
- 父卡 occurrence：5/5
- 仍在未来计划中的子卡 occurrence：0
- 父卡超过7.04页时独占任务包：否
- 相同输入重放一致：是
- 最终计划日：D20

## 最终计划表

历史子卡直接标注“原序号…已合并至当前卡…”，未来计划只显示保留父卡的当前序号。

| 学习日 | 日期 | 新学 | 1日复习 | 3日复习 | 7日复习 | 15日复习 | 当日总页数 |
| --- | --- | --- | --- | --- | --- | --- | --- |
| D1（D1 全部完成） | 2026-07-10 | 实绩：1-34（34张/6.202页） | 实绩：560-597；其余当前序号530-567（38张/6.402页） | 实绩：490-516；其余当前序号460-486（27张/6.050页） | 实绩：394-413；其余当前序号364-383（20张/6.305页） | 实绩：166-207（42张/6.426页） | 31.385 |
| D2（D2 全部完成） | 2026-07-11 | 实绩：35-45（11张/6.554页） | 实绩：1-34（34张/6.202页） | 实绩：517-559；其余当前序号487-529（43张/6.300页） | 实绩：414-440；其余当前序号384-410（27张/6.285页） | 实绩：208-262（55张/6.523页） | 31.864 |
| D3（异常：跨包合并卡263-293为约10页父卡） | 2026-07-12 | 计划：80, 82-83, 108, 121, 125, 129, 150, 155, 163, 192, 223, 228, 257, 264, 321, 328, 339, 350, 381, 409, 422, 435, 463, 486, 509, 555（27张/5.872页） | 计划：35, 39, 43, 53-54, 84, 102, 105, 111, 122, 128, 133, 151, 181, 210, 236, 284, 290, 314, 316, 318, 337, 352, 373, 385, 393, 429, 441（28张/7.223页） | 计划：6, 10-11, 15-16, 23, 32, 55, 63, 74, 76, 143, 149, 179, 189, 208, 216, 243, 313, 325, 356, 391-392, 448, 458, 536, 544, 551-552, 563-564（31张/6.767页） | 计划：17, 20, 24, 40, 56, 65, 93, 141, 152, 196, 214, 227, 260, 265, 292, 298, 324, 340, 347, 419, 449, 461, 477-478, 497, 501, 504, 507, 514, 519, 548, 557（32张/7.381页） | 计划：8, 46, 72, 75, 117, 283, 303, 334-335, 338, 342-343, 345, 371, 377, 395, 440, 470, 493, 513, 522, 542, 559（23张/4.761页；低于0.9T：单格均衡为优化项；当前分配优先满足整日容量与同卡不重复） | 32.004 |
| D4 | 2026-07-13 | 计划：60, 70, 79, 92, 94, 99, 103, 107, 116, 136, 158, 160, 196, 248, 259, 261, 267, 335, 345, 367, 371, 374, 385, 389, 401, 416, 478, 522, 541, 550, 554（31张/5.458页；低于0.9T：单格均衡为优化项；当前分配优先满足整日容量与同卡不重复） | 计划：66, 75, 80, 82, 108, 125, 129, 132, 137, 150, 157, 175, 186, 190, 192, 195, 223, 228, 247, 283, 321, 328, 343, 350, 360, 366, 369, 381, 397, 411-412, 422, 440, 504（34张/8.500页） | 计划：4, 13-14, 21, 25, 30, 34, 36, 54, 68, 111, 128, 131, 155, 210, 236, 245, 251, 284, 303, 316, 318, 352, 409, 426, 429, 444, 556, 562（29张/5.971页） | 计划：6, 11, 46, 63-64, 69, 102, 105, 163, 170, 191, 198, 208, 253, 314-315, 423, 433, 448, 476, 479, 505, 510, 528, 549, 551（26张/5.434页；低于0.9T：单格均衡为优化项；当前分配优先满足整日容量与同卡不重复） | 计划：61, 65, 84, 126, 143, 274, 298, 313, 330, 340, 344, 403, 419, 485, 501, 507, 514, 538, 544, 557（20张/6.638页） | 32.001 |
| D5 | 2026-07-14 | 计划：66, 72, 81, 85, 106, 112, 154, 162, 198, 204, 219, 225, 265, 274, 281, 333, 344, 358, 449, 493, 504（21张/4.379页；低于0.9T：单格均衡为优化项；当前分配优先满足整日容量与同卡不重复） | 计划：40, 46, 50, 70-71, 79, 87-88, 91-92, 103, 107, 109, 116, 120-121, 124, 135, 158, 160, 205, 209, 221, 248, 259, 334, 377, 413, 424, 435, 497（31张/7.298页） | 计划：3, 39, 42, 48, 53, 108, 122, 125, 132, 157, 195, 223, 283, 293, 317, 338-339, 343, 366, 419, 440, 532, 535, 558-560（26张/6.132页） | 计划：33-34, 57, 82, 128, 147, 236, 245, 250, 264, 303, 325, 353, 411, 417-418, 426, 455, 459, 464, 466, 480-481, 486, 488, 490, 494, 509, 517-518, 520, 523, 529, 534, 536, 552（36张/9.440页） | 计划：15-16, 64, 105, 276-277, 286, 289, 294, 306, 309-311, 322, 337, 351, 362, 370, 380, 423, 479, 483, 510, 528, 551, 564（26张/4.752页；低于0.9T：单格均衡为优化项；当前分配优先满足整日容量与同卡不重复） | 32.001 |
| D6 | 2026-07-15 | 计划：58, 65, 95, 113, 118, 132, 134, 165, 171, 190-191, 202, 222, 253, 258, 260, 277, 289, 294, 311, 313, 337, 378, 391, 404, 423, 534, 544, 557, 564（30张/6.036页） | 计划：42, 81, 112, 131, 140, 154, 215, 219, 267, 309, 322, 324, 330, 333, 335, 351, 371, 380, 389, 483, 488, 499, 503, 513（24张/4.647页；低于0.9T：单格均衡为优化项；当前分配优先满足整日容量与同卡不重复） | 计划：22, 28, 46, 70, 80, 84, 88, 91-92, 103, 109, 162, 177, 196, 212, 231, 234, 242, 259, 268, 281, 310, 321, 328, 340, 367, 377, 381, 386, 395, 413, 422, 435, 541（34张/8.855页） | 计划：4, 21, 55, 79, 94, 116, 137, 223, 238, 266, 283-284, 317, 326, 338, 344, 441, 452, 473, 496, 516, 527, 559, 562（24张/4.517页；低于0.9T：单格均衡为优化项；当前分配优先满足整日容量与同卡不重复） | 计划：34, 57, 63, 68, 107, 133, 147, 158, 160, 264, 269, 307, 318, 359, 390, 394, 398, 411, 418, 448, 476-477, 480-481, 486, 490, 494, 523, 529（29张/7.951页） | 32.006 |
| D7 | 2026-07-16 | 计划：46, 87, 109, 124, 187, 203, 229, 234, 242, 249, 276, 286, 306, 310, 322, 329, 334, 338, 351, 359, 362, 380, 394, 413, 446, 476, 479, 551（28张/6.542页） | 计划：94, 162, 165, 202, 204, 222, 238, 253, 260, 265, 293, 326, 339, 344, 374, 378, 401, 404, 416, 423, 449, 474, 485, 494, 501-502, 507, 510, 519, 528-529（31张/4.631页；低于0.9T：单格均衡为优化项；当前分配优先满足整日容量与同卡不重复） | 计划：33, 40, 57, 61, 71, 73, 75, 79, 107, 120-121, 133, 135, 150, 158, 160, 172, 175, 180, 205, 215, 219, 228, 247, 264, 267, 341, 385, 397, 402, 457（31张/7.250页） | 计划：3, 14, 28, 39, 48, 53, 70, 108, 111, 122, 125, 134, 139, 155, 157, 189, 240, 343, 356, 442, 483, 535, 541, 556, 558, 567（26张/5.592页；低于0.9T：单格均衡为优化项；当前分配优先满足整日容量与同卡不重复） | 计划：4, 50, 56, 80, 86, 91, 149, 266, 281, 324, 333, 350, 354, 358, 368, 410, 441, 455, 459, 461, 517, 534, 562-563（24张/7.987页） | 32.001 |
| D8 | 2026-07-17 | 计划：50, 71, 88, 137, 185, 210, 255, 266, 298, 309, 324, 370, 410, 441, 455, 459, 483, 494, 501-502, 507, 510, 513, 519, 529, 562-563（27张/7.160页） | 计划：61, 187, 198, 229, 234, 242, 249, 254, 261, 276, 281, 285-286, 306, 310, 329, 336, 358-359, 362, 368, 446, 476, 479, 517（25张/5.809页） | 计划：44, 66, 87, 94, 116, 124, 165, 186, 190, 202, 204, 222, 238, 253, 260, 322, 326, 334, 344, 351, 360, 371, 374, 378, 380, 401, 404, 416, 423-424, 449, 567（32张/7.407页） | 计划：13, 36, 73, 75, 107, 120-121, 131, 135, 150, 158, 160, 172, 175, 180, 205, 212, 215, 219, 228, 247, 259, 267, 293, 299, 339, 341, 413, 485（29张/6.787页） | 计划：3, 14, 23, 28, 33, 48, 70, 79, 82, 102, 108, 111, 122, 125, 128, 139, 155, 157, 163, 278, 386, 391, 452, 488, 496, 518, 520, 556（28张/4.844页；低于0.9T：单格均衡为优化项；当前分配优先满足整日容量与同卡不重复） | 32.006 |
| D9 | 2026-07-18 | 计划：61, 63, 84, 111, 122, 140, 151, 157, 175, 181, 208, 215, 236, 269, 283, 288, 290, 303, 318, 352, 368-369, 395, 411, 462, 470, 474, 480, 485, 488, 517, 520, 542, 567（34张/8.201页） | 计划：55, 65, 68, 134, 149, 155, 168, 172, 179-180, 191, 216, 240, 243, 245, 264, 298, 313, 317, 325, 338, 340, 367, 370, 386, 410, 428, 438, 444, 463, 518（31张/8.897页） | 计划：17, 69, 102, 137, 139, 163, 206, 220, 244, 257, 266, 286, 314, 324, 362, 412, 417, 427, 441, 534（20张/4.983页；低于0.9T：单格均衡为优化项；当前分配优先满足整日容量与同卡不重复） | 计划：8, 15, 18-19, 42, 44, 50, 74, 76, 87-88, 91, 110, 124, 133, 156, 195, 207, 211, 217, 230-231, 246, 261, 281, 322, 351, 355, 422, 440, 493, 538, 544, 550, 563（35张/6.965页） | 计划：20, 24, 29, 39, 53, 77, 90, 93, 98, 135, 141, 161, 164, 267, 295, 378, 397, 409, 535, 548（20张/2.954页；低于0.9T：单格均衡为优化项；当前分配优先满足整日容量与同卡不重复） | 32.001 |
| D10 | 2026-07-19 | 计划：54, 75, 102, 172, 180, 195, 205, 209, 212, 245, 278, 284, 330, 340, 343, 366, 377, 386, 397, 403, 440, 508, 537-538, 545, 548, 553, 559（28张/4.200页；低于0.9T：单格均衡为优化项；当前分配优先满足整日容量与同卡不重复） | 计划：36, 63, 73, 104, 163, 196, 208, 266, 288, 303, 345, 395, 409, 462, 468, 470, 480, 493, 522（19张/3.413页；低于0.9T：单格均衡为优化项；当前分配优先满足整日容量与同卡不重复） | 计划：65, 82, 105, 134, 168, 170, 181, 191, 198, 240, 261, 265, 290, 298, 368-370, 393, 405, 410-411, 428, 432, 438, 549, 557（26张/8.052页） | 计划：16, 23, 61, 66, 68, 80, 143, 149, 164, 179, 186, 190, 204, 206, 210, 216, 218, 243-244, 251, 257, 308, 316, 318, 328, 334, 348, 352, 360, 564（30张/6.660页） | 计划：6, 11, 13, 17, 19, 42, 44, 69, 74, 76, 87, 100, 110, 120, 131, 153, 156, 321, 329, 339, 367, 381, 385, 413, 422, 433, 446, 449, 478, 497, 502, 504-505, 519, 541, 550, 567（37张/9.676页） | 32.001 |
| D11 | 2026-07-20 | 计划：47, 49, 53, 55, 67-68, 73, 104, 119, 126, 131, 133, 149, 179, 186, 194, 216, 240, 243, 247, 293, 317, 393, 407, 424, 428-429, 444, 468, 497, 525, 543, 547, 549, 561（35张/8.676页） | 计划：48, 60, 69, 74, 76, 139, 189, 206, 220, 244, 391-392, 402, 405, 415, 417, 427, 448, 482, 486, 508-509, 520（23张/5.353页；低于0.9T：单格均衡为优化项；当前分配优先满足整日容量与同卡不重复） | 计划：8, 18-19, 24, 35, 50-51, 56, 64, 110, 141, 152, 156, 164, 201, 207, 211, 214, 227, 230, 241, 292, 299-300, 315, 337, 347, 355, 375, 383-384, 399, 433-434, 439, 533, 538, 548（38张/8.601页） | 计划：29, 77, 90, 98, 100, 146, 153, 161, 167, 174, 176, 188, 213, 256, 258, 262, 301, 319, 335, 354, 362, 453, 470, 475, 502, 542（26张/5.103页；低于0.9T：单格均衡为优化项；当前分配优先满足整日容量与同卡不重复） | 计划：26-27, 40, 101, 123, 145, 265, 280, 290, 325, 331, 348, 369, 406, 435, 462, 474, 537, 553-555（21张/6.222页） | 33.955 |
| D12 | 2026-07-21 | 计划：74, 76, 91, 168, 188, 193, 206, 220, 254, 270, 279, 308, 314-315, 327, 347, 384, 448, 481, 518, 524, 528, 565（23张/3.925页；低于0.9T：单格均衡为优化项；当前分配优先满足整日容量与同卡不重复） | 计划：51, 138, 141, 152, 164, 207, 211-212, 214, 227, 230, 233, 241, 268, 280, 291, 300, 302, 312, 320, 323, 390, 418, 487（24张/4.478页；低于0.9T：单格均衡为优化项；当前分配优先满足整日容量与同卡不重复） | 计划：29, 43, 77, 93, 96, 98, 100, 145, 147, 167, 174, 176, 213, 221, 250, 274, 277, 306, 331, 345, 542（21张/3.109页；低于0.9T：单格均衡为优化项；当前分配优先满足整日容量与同卡不重复） | 计划：1, 12, 25-27, 30-32, 54, 89, 101, 115, 123, 129, 136, 148, 154, 181, 263, 290, 414, 436, 462, 468, 484, 489, 508, 525, 531, 537, 545, 547, 554（33张/15.898页） | 计划：36, 66, 134, 146, 273, 282, 296, 356-357, 360-361, 373, 375, 387, 389, 396, 399, 404-405, 415, 420, 427-428, 434, 438-439, 444, 460, 465, 503, 509, 511, 543（33张/7.789页） | 35.199 |
| D13 | 2026-07-22 | 计划：77, 93, 139, 152, 164, 167, 170, 213-214, 227, 241, 272, 280, 291, 302, 312, 320, 323, 357, 372, 383, 387, 390, 396, 399, 418, 450, 461（28张/4.878页；低于0.9T：单格均衡为优化项；当前分配优先满足整日容量与同卡不重复） | 计划：62, 90, 98, 100, 110, 123, 145, 156, 200, 217-218, 274, 295, 301, 308, 319, 331, 403, 408, 506, 523（21张/4.087页；低于0.9T：单格均衡为优化项；当前分配优先满足整日容量与同卡不重复） | 计划：31, 59, 101, 119, 136, 142, 146, 153, 161, 209, 224-225, 233, 256, 263, 278, 289, 296, 305, 330, 333, 346, 359, 415, 531, 545, 547（27张/14.781页） | 计划：37, 45, 51, 60, 95-97, 99, 117, 132, 159, 194, 197, 202, 220, 307, 313, 420, 424, 429, 431, 438-439, 460, 465, 474, 511, 539, 553, 560, 566（31张/6.627页） | 计划：268, 271, 287, 315, 317, 327, 347, 363, 365, 376, 393, 416, 425-426, 445, 454, 456, 468, 471-472, 489, 491, 495, 499, 521, 536（26张/4.824页；低于0.9T：单格均衡为优化项；当前分配优先满足整日容量与同卡不重复） | 35.197 |
| D14 | 2026-07-23 | 计划：51, 62, 69, 98, 100, 200, 207, 211, 230-231, 238, 268, 300, 319, 356, 360, 363, 373, 375-376, 405, 415, 438, 465, 467, 475, 487, 505, 523, 536, 546, 560（32张/7.761页） | 计划：77, 93, 96, 101, 136, 147, 167, 170, 173-174, 176, 183, 213, 250, 263, 315, 347-348, 357, 384, 387, 396, 414, 420, 425, 443, 450, 454, 461, 472, 481, 489, 521（33张/13.969页） | 计划：1, 26-27, 45, 90, 115, 123, 218, 279, 302, 304, 308, 312, 323, 335, 372, 390, 418, 421, 445, 537, 554（22张/3.310页；低于0.9T：单格均衡为优化项；当前分配优先满足整日容量与同卡不重复） | 计划：5, 59, 67, 114, 130, 142, 145, 184, 221, 225, 270, 274, 277-278, 286, 306, 321, 333, 345, 359, 427-428, 434, 444（24张/5.132页；低于0.9T：单格均衡为优化项；当前分配优先满足整日容量与同卡不重复） | 计划：12, 25, 30, 32, 54, 99, 129, 132, 148, 154, 272, 291, 293, 314, 320, 366, 401, 407, 429, 508, 525, 545, 547（23张/5.026页；低于0.9T：单格均衡为优化项；当前分配优先满足整日容量与同卡不重复） | 35.198 |
| D15 | 2026-07-24 | 计划：90, 96, 105, 123, 143, 145-147, 177, 218, 224, 250, 263, 285, 326, 336, 365, 379, 420, 426, 434, 445, 456-457, 460, 491, 535（27张/13.505页） | 计划：45, 59, 115, 117, 119, 161, 184, 256, 273, 278, 289, 304-305, 327, 349, 372, 375-376, 382, 388, 394, 400, 430, 447, 451, 455, 471（27张/5.563页；低于0.9T：单格均衡为优化项；当前分配优先满足整日容量与同卡不重复） | 计划：37, 41, 89, 95, 97, 99, 114, 130, 148, 159, 169, 194, 197, 269, 272, 275, 294-295, 301, 452（20张/4.048页；低于0.9T：单格均衡为优化项；当前分配优先满足整日容量与同卡不重复） | 计划：7, 9-10, 38, 43, 52, 58, 62, 72, 86, 106, 113, 118, 126-127, 166, 182, 193, 200-201, 209, 226, 233, 235, 300, 331, 416, 425, 446, 454, 472, 495, 521, 543（34张/6.386页） | 计划：5, 60, 124, 270, 279, 297, 302, 312, 352, 417, 431, 436, 443, 450, 463, 467, 469, 482, 498, 506, 512, 530-531, 539, 560, 566（26张/5.697页；低于0.9T：单格均衡为优化项；当前分配优先满足整日容量与同卡不重复） | 35.198 |
| D16 | 2026-07-25 | 计划：56, 64, 101, 110, 120, 141, 156, 161, 173, 217, 256, 301, 417, 427, 471-472, 482, 484, 489, 498, 506, 512, 521, 531, 539, 566（26张/4.511页；低于0.9T：单格均衡为优化项；当前分配优先满足整日容量与同卡不重复） | 计划：44, 89, 99, 130, 146, 153, 177, 197, 201, 224-225, 299, 355, 364, 379, 383, 399, 426, 432, 445, 460, 465, 467, 469, 491-492, 495, 525（28张/7.317页） | 计划：12, 52, 58, 72, 78, 86, 117, 126-127, 129, 184, 193, 199, 258, 262, 282, 327, 349, 353, 387, 396, 408, 420, 425, 431, 437, 443, 450, 454-456, 459, 543, 553, 555（35张/7.492页） | 计划：35, 47, 49, 169, 185, 232, 269, 275, 289, 296-297, 302, 304-305, 312, 330, 332, 337, 358, 361, 363, 415, 435, 463, 487, 499, 522, 530（28张/10.021页） | 计划：7, 9-10, 37-38, 59, 92, 95-97, 114, 121, 142, 144, 159, 285, 300, 308, 336, 374, 384, 402, 453, 458, 549, 561（26张/5.857页） | 35.198 |
| D17 | 2026-07-26 | 计划：52, 59, 86, 97, 142, 148, 159, 169, 201, 246, 275, 282, 295, 348-349, 353, 382, 388, 400, 402, 414, 419, 421, 430, 437, 439, 442, 447, 451, 453, 458, 492, 499, 514, 533（35张/8.344页） | 计划：57, 67, 127, 166, 182, 188, 194, 226, 231-232, 235, 251, 258, 262, 279, 294, 332, 346, 356, 363, 398, 406-407, 431, 436, 484, 490, 511（28张/8.815页） | 计划：104, 106, 113, 118, 144, 178, 183, 192, 237, 239, 252, 270-271, 273, 287, 291, 297, 307, 311, 320, 342, 350, 361, 364（24张/5.690页；低于0.9T：单格均衡为优化项；当前分配优先满足整日容量与同卡不重复） | 计划：41, 71, 78, 81, 83, 85, 103, 109, 112, 140, 151, 162, 171, 199, 203, 241, 255, 288, 443, 456, 469, 498, 512, 546, 561, 565（26张/3.345页；低于0.9T：单格均衡为优化项；当前分配优先满足整日容量与同卡不重复） | 计划：2, 47, 49, 89, 138, 292, 299, 304-305, 316, 323, 355, 379, 412, 432, 457, 464, 466, 473, 475, 487, 500, 515-516, 524, 526-527, 532, 540（29张/9.000页） | 35.195 |
| D18 | 2026-07-27 | 计划：115, 117, 184, 189, 197, 233, 273, 296, 304-305, 316, 355, 425, 431, 436, 443, 454, 469, 495, 500, 515, 526, 530, 540（24张/4.425页；低于0.9T：单格均衡为优化项；当前分配优先满足整日容量与同卡不重复） | 计划：41, 72, 86, 97, 114, 142, 148, 159, 169, 193, 199, 246, 270, 272, 275, 292, 341, 419, 421, 433-434, 437, 456-457, 466, 475, 477, 498, 512（29张/5.736页；低于0.9T：单格均衡为优化项；当前分配优先满足整日容量与同卡不重复） | 计划：5, 7, 9, 38, 62, 67, 138, 166, 182, 185, 200, 226, 235, 332, 354, 357, 365, 376, 379, 382, 388, 400, 403, 407, 430, 442, 447, 451, 539, 566（30张/6.771页） | 计划：104, 144, 168, 178, 183, 192, 237, 239, 252, 271, 279, 287, 294-295, 323, 342, 346, 349-350, 445, 450, 467, 503, 506（24张/2.918页；低于0.9T：单格均衡为优化项；当前分配优先满足整日容量与同卡不重复） | 计划：1, 43, 45, 52, 58, 78, 83, 85, 88, 106, 112-113, 118, 127, 130, 136, 150, 263, 284, 288, 301, 319, 326, 372, 414, 546, 565（27张/15.349页） | 35.198 |
| D19 | 2026-07-28 | 计划：48, 57, 89, 127, 130, 135, 153, 166, 182, 226, 235, 244, 251, 262, 325, 331-332, 341, 346, 364, 392, 408, 464, 466, 473（25张/7.518页） | 计划：37-38, 52, 56, 64, 78, 106, 113, 126, 143-144, 178, 237, 239, 252, 269, 271, 287, 296-297, 307, 342, 353-354, 361, 442, 452-453, 458-459, 496, 505, 514, 516, 527（35张/9.906页） | 计划：20, 47, 49, 60, 81, 83, 85, 140, 151, 171, 203, 217, 232, 246, 255, 288, 329, 336, 358, 398, 406, 530, 546, 561, 565（25张/6.321页） | 计划：2, 92, 119, 138, 165, 173, 187, 224, 229, 248-249, 254, 276, 280, 282, 285, 309-311, 357, 412, 432, 457, 471, 482, 491, 500, 513, 515, 524, 526, 532, 540, 555（34张/7.512页） | 计划：22, 51, 71, 103-104, 109, 115, 137, 162, 349, 383, 388, 400, 421, 430, 437, 447, 451, 484, 492, 533, 552, 558（23张/3.938页；低于0.9T：单格均衡为优化项；当前分配优先满足整日容量与同卡不重复） | 35.195 |
| D20 | 2026-07-29 | 计划：78, 114, 128, 138, 144, 174, 176, 178, 183, 199, 221, 232, 237, 239, 252, 271, 287, 292, 297, 299, 307, 342, 354, 361, 398, 406, 412, 432-433, 452, 477, 490, 496, 503, 511, 516, 527, 532, 552, 556, 558（41张/9.853页） | 计划：47, 49, 58, 83, 85, 95, 118, 171, 185, 203, 255, 257, 277, 282, 311, 365, 439, 464, 473, 478, 500, 515, 524, 526（24张/5.753页） | 计划：2, 112, 154, 173, 187-188, 229, 248-249, 254, 276, 280, 285, 309, 319, 348, 363, 373, 389, 394, 414, 436, 446, 453, 540, 550（26张/6.113页） | 计划：22, 84, 177, 222, 234, 242, 268, 272-273, 291, 320, 327, 329, 336, 421, 430, 437, 447, 451, 458, 492, 533（22张/5.691页） | 计划：18, 21, 31, 35, 41, 55, 62, 67, 73, 81, 94, 116, 119, 140, 151-152, 165, 275, 328, 332, 341, 346, 353, 364, 382, 392, 408, 424, 442（29张/7.784页） | 35.195 |
